"text","total","positive","negative","score","label"
"ngaruh tidak lolos kak prakerja nya",3,1,2,-1,"Negatif"
"prakerja tidak lolos blt bpjs tidak gaji tidak naik sabar",8,3,5,-2,"Negatif"
"nyata nyata bayar tidak kartu prakerja konon anggur gaji tidak ngandelin demo cari makan",4,0,4,-4,"Negatif"
"hai kak kakak maksud pendafataran prakerja rekening rekening konvensional bukan syariah kak terimakasih giani",1,1,0,1,"Positif"
"hai kak kakak ingin buka rekening bni taplus prakerja sila cabang bni bawa e ktp npwp laku buka rekening walapun belum lolos prakerja kak tks giani",2,1,1,0,"Netral"
"hai kak nureni kena sila kakak hubung selenggara prakerja bni salur dana kak terimakasih giani",1,1,0,1,"Positif"
"habis pikir pikir prakerja sisi kapitalis sih imbal latih",3,1,2,-1,"Negatif"
"prakerja lebih kiri berik gratis rakyat",2,2,0,2,"Positif"
"program prakerja lebih sosialisme kapitalisme",3,2,1,1,"Positif"
"negara demokrasi bijak prakerja lebih sosialisme kapitalisme",5,4,1,3,"Positif"
"prakerja lebih sosialisme bilang komunisme pemerintah kasih cuma hadap rakyat komunisme rakyat tidak boleh ngritik pemerintah",6,2,4,-2,"Negatif"
"masalah prakerja tidak boleh masalah boleh komunisme subsidi tidak boleh ngritik kapitalisme demokrasi orang urus butuh boleh ngritik pemerintah",10,2,8,-6,"Negatif"
"argumen cuma benar doang program prakerja benar lebih sosialisme kapitalisme bilang",5,4,1,3,"Positif"
"promosi kartu prakerja situ bayar buzzer",1,0,1,-1,"Negatif"
"import tenaga kerja aseng laju miskin anggur cina turun slogan indonesia maju cerita rakyat indonesia nyata jokowi miskin tumbuh subur kartu prakerja redam laju anggur indones",8,3,5,-2,"Negatif"
"gantung gelombang mbak tau gelombang buka tutup cek ignya prakerja go id",1,0,1,-1,"Negatif"
"terima manfaat kartu prakerja tembus orang cari berita klik",3,2,1,1,"Positif"
"harap sih kartu prakerja tuh pakai ngasah skill offline kursus welding tinggal bawa tuh kartu eh tidak tau cuma tonton vidio bayar ribu wajar komplain",2,0,2,-2,"Negatif"
"aplikasi neo kartu prakerja tuai respons positif",1,1,0,1,"Positif"
"sertifikat belum muncul dashboard prakerja sudah selesai latih isi ulas tanggal nop",1,0,1,-1,"Negatif"
"siar pers icw menang sengketa informasi janji kerja program prakerja dokumen publik lengkap",4,3,1,2,"Positif"
"program prakerja masuk grup telegram cari jodoh locals banget sange sih",0,0,0,0,"Netral"
"icw menang kemenko ekonomi harus buka informasi dokumen prakerja",1,1,0,1,"Positif"
"total terima kartu prakerja capai belum",2,1,1,0,"Netral"
"kartu prakerja gelombang buka",0,0,0,0,"Netral"
"kemenkeu catat realisasi program kartu prakerja capai",1,1,0,1,"Positif"
"kartu prakerja lanjut terima program tidak",2,1,1,0,"Netral"
"prakerja gelombang gas survey sertifnya sudah belum",1,0,1,-1,"Negatif"
"sudah coba belum terang kuliah tidak lebih kurang tau prakerja",5,2,3,-1,"Negatif"
"bantu pemerintah lewat kartu prakerja gelombang buka nih bocor",1,0,1,-1,"Negatif"
"kartu prakerja tidak batas daftar",1,0,1,-1,"Negatif"
"pacar sudah kota pakai rapot merah rezim orde baru lebih baik segi tubuh manusia tidak tuju prakerja terimakasih kunjung selamat belanja laku aktifitas cari harga produk opo kae",6,5,1,4,"Positif"
"kak termin belum cair kak data valid gaji bawah aktif kepersertaan tidak dana prakerja tidak cair termin bsu nya",6,2,4,-2,"Negatif"
"daftar kartu prakerja gelombang buka",0,0,0,0,"Netral"
"buka minat kartu prakerja capai orang",0,0,0,0,"Netral"
"by the way orang kerja tidak pecat gaji tidak kurang baik hidup santai nikmat duit prakerja beli kemeja celana sepatu tidak salah sasar kah prakerja",9,3,6,-3,"Negatif"
"program kartu prakerja lanjut",0,0,0,0,"Netral"
"tidak blt bpjs ketenagakerjaan sudah daftar kartu prakerja",1,0,1,-1,"Negatif"
"hala hala protes pajak belikan masker swab kerumun harus pas pajak mu bikin prakerja video nya youtube",1,0,1,-1,"Negatif"
"teman ngeshare link prakerja gc kelas coba suruh share linknya gc pribadi nyata linknya tipu data ambil sudah masuk nomor data tolol banget share link nya kali",2,0,2,-2,"Negatif"
"lsp prakerja",0,0,0,0,"Netral"
"bikin cs prakerja komplain tidak csnya tidak buzzer",4,0,4,-4,"Negatif"
"coba cari ketik prakerja pilih dashboard prakerja akun",0,0,0,0,"Netral"
"minggu uang tinggal ribu dompet rekening kosong harap insentif prakerja tidak cair serah tuhan esok prakerja cair sambung hidup serba pas",7,4,3,1,"Positif"
"prakerja orang kantor mahasiswa ajar kurang sasar",1,0,1,-1,"Negatif"
"tidak pakai kartu prakerja",1,0,1,-1,"Negatif"
"tidak web pemerintah beda urlnya sudah kalo google diarahin",1,0,1,-1,"Negatif"
"fungsi logo lonceng dashboard prakerja",0,0,0,0,"Netral"
"cek prakerja asli prakerja",1,1,0,1,"Positif"
"selalu gagal kirim survey evaluasi prakerja solusi",1,0,1,-1,"Negatif"
"prakerja gelombang buka cek info",0,0,0,0,"Netral"
"latih prakerja gelar offline",0,0,0,0,"Netral"
"arti status insentif prakerja",1,1,0,1,"Positif"
"prakerja komplain moeldoko tidak komplain",3,0,3,-3,"Negatif"
"halo kak indah kakak sudah cek mutasi rekening tidak kakak bis konfirmasi prakerja nomor kak tks adel",2,1,1,0,"Netral"
"hai kak cari dana sila kakak cabang bni suai sms bawa e ktp bukti sukses buka rekening bukti kepemilikan akun prakerja kak tks nardo",1,1,0,1,"Positif"
"halo kakak mohon maaf kendala kait sar kakak hubung unit prakerja nomor tks shalimar",1,1,0,1,"Positif"
"terima manfaat kartu prakerja tembus orang",2,2,0,2,"Positif"
"ribu terima kartu prakerja rancam insentif",2,2,0,2,"Positif"
"survei bps persen terima kartu prakerja manfaat",2,2,0,2,"Positif"
"pemerintah sinyal program kartu prakerja gelar offline",0,0,0,0,"Netral"
"insentif hangus latih kartu prakerja selesai desember",1,1,0,1,"Positif"
"serbu daftar bps beber daya tarik utama kartu prakerja",2,2,0,2,"Positif"
"manfaat kartu prakerja wajib",1,1,0,1,"Positif"
"kumpul informasi hoaks putar kartu prakerja",0,0,0,0,"Netral"
"mayoritas terima kartu prakerja puas pemerintah",3,2,1,1,"Positif"
"seperempat duduk usia produktif indonesia daftar kartu prakerja",1,1,0,1,"Positif"
"ingin ribu ayo survei evaluasi kartu prakerja",0,0,0,0,"Netral"
"pakai duit prakerja nongkrong circle kak",0,0,0,0,"Netral"
"min kalo terima kartu prakerja sudah tidak terima bsu ybs daftar bpjs kerja terima upah",5,4,1,3,"Positif"
"jadwal daftar prakerja gelombang belum pemerintah beritahukan publik baru lengkap nya",2,0,2,-2,"Negatif"
"gambar lonceng dashboard akun prakerja ramai warganet bincang media sosial fungsi lengkap nya",3,1,2,-1,"Negatif"
"daftar prakerja gelombang simak solusi lolos program kartu prakerja lengkap nya",2,1,1,0,"Netral"
"siang min kalo ambil dana program prakerja sudah daftar nomor rek virtual",0,0,0,0,"Netral"
"min sertifikat sudah minggu cuma belum masuk situs prakerja tolong bantu",2,1,1,0,"Netral"
"pandemi hadap situasi sulit bekal kurang logistik berik lebih",5,2,3,-1,"Negatif"
"survei badan pusat statistik bps mayoritas terima kartu prakerja pulau jawa",2,2,0,2,"Positif"
"survei badan pusat statistik bps mayoritas program kartu prakerja manfaat kepesertaannya program",1,1,0,1,"Positif"
"program kartu prakerja lanjut",0,0,0,0,"Netral"
"prakerja sudah terima tidak program",2,1,1,0,"Netral"
"luncur april latih online program kartu prakerja kerap kritik kalangan",1,0,1,-1,"Negatif"
"bohong benar cuma",2,1,1,0,"Netral"
"sandiaga uno ajar kelas kewirausahaan kartu prakerja",0,0,0,0,"Netral"
"prakerja komplain moeldoko tidak komplain",3,0,3,-3,"Negatif"
"badan pusat statistik bps lapor persen program kartu prakerja ingin tingkat ahli skill",2,2,0,2,"Positif"
"daftar kartu prakerja gelombang buka",0,0,0,0,"Netral"
"direktur eksekutif manajemen laksana pmo kartu prakerja denni puspa purbasari provinsi jabar alokasi kuota ribu",0,0,0,0,"Netral"
"program program bantu sosial bansos pemerintah blt subsidi gaji kartu prakerja belum salur sasar",4,3,1,2,"Positif"
"program kartu prakerja berik insentif ribu lama belum putus",4,1,3,-2,"Negatif"
"kartu prakerja lanjut",0,0,0,0,"Netral"
"tenang nganggur dana prakerja bunyi tidak",2,1,1,0,"Netral"
"total daftar kartu prakerja orang lolos verifikasi",1,1,0,1,"Positif"
"jadwal cair duit prakerja tipu tipu cok lewat minimal lama baru cair",6,2,4,-2,"Negatif"
"kalo prakerja sudah opsi via ewallet mas sok far netijen aman",2,1,1,0,"Netral"
"daftar prakerja",0,0,0,0,"Netral"
"info baru kartu prakerja gelombang bukan daftar login via",0,0,0,0,"Netral"
"batas isi survey prakerja insentif info prakerja gelombang via",1,1,0,1,"Positif"
"update prakerja gelombang fitur baru isi survey kartu prakerja insentif via",1,1,0,1,"Positif"
"kartu prakerja gelombang buka login tips pilih latih link via",0,0,0,0,"Netral"
"isi survei evaluasi kartu prakerja insentif saldo latih prakerja cair via",2,2,0,2,"Positif"
"bukan cuma prakerja via login daftar lengkap bansos rencana via",2,1,1,0,"Netral"
"login ganggu hubung call center prakerja baru jadwal gelombang buka via",0,0,0,0,"Netral"
"insentif prakerja proses jadwal arti cair cek isi survey via",2,2,0,2,"Positif"
"jelang daftar kartu prakerja gelombang login batas desember via",0,0,0,0,"Netral"
"login muncul lonceng dashboard kartu prakerja status cair insentif via",2,2,0,2,"Positif"
"isi survey prakerja survey prakerja tidak muncul dashboard via",1,0,1,-1,"Negatif"
"prakerja gelombang buka via login verifikasi email via",0,0,0,0,"Netral"
"saldo latih prakerja cair cek survey dashboard gelombang via",1,1,0,1,"Positif"
"jangan aba arti tanda lonceng lonceng login link daftar prakerja dashboard prakerja via",1,1,0,1,"Positif"
"klik link cek terima blt guru honorer prakerja via",2,1,1,0,"Netral"
"gelombang kartu prakerja buka arti jadwal insentif ecek jadwal via",1,1,0,1,"Positif"
"fitur baru kartu prakerja ramai bahas gambar lonceng dashboard prakerja cek info gelombang via",1,0,1,-1,"Negatif"
"kartu prakerja gelombang buka bocor login tips blacklist via",1,0,1,-1,"Negatif"
"kartu prakerja gelombang buka isi survey prakerja cair insentif via",2,2,0,2,"Positif"
"insentif prakerja tambah cek fakta isi survey prakerja dashboard via",1,1,0,1,"Positif"
"bocor daftar prakerja gelombang buka gembira via",2,1,1,0,"Netral"
"insentif prakerja tambah cek fakta isi survey prakerja dashboard",1,1,0,1,"Positif"
"web prakerja error jadwal insentif prakerja muncul dashboard layar kosong cek insentif via",3,2,1,1,"Positif"
"info prakerja daftar e form bni tabung prakerja login insentif via",1,1,0,1,"Positif"
"prakerja gelombang buka login informasi kck via",0,0,0,0,"Netral"
"kartu prakerja buka isi survei prakerja insentif login via",1,1,0,1,"Positif"
"info baru kartu prakerja gelombang buka login solusi kunjung lolos via",1,1,0,1,"Positif"
"daftar kartu prakerja gelombang buka jadwal download aplikasi tribunnews update berita baru android",0,0,0,0,"Netral"
"bocor daftar kartu prakerja gelombang belum lolos gelombang download aplikasi tribunnews update berita baru android lewat",3,1,2,-1,"Negatif"
"hati kepesertaan kartu prakerja gelombang tidak cabut download aplikasi tribunnews update berita baru android",2,1,1,0,"Netral"
"bocor buka daftar kartu prakerja gelombang gagal gelombang download aplikasi tribunnews update berita baru android lewat",2,0,2,-2,"Negatif"
"insentif kartu prakerja benar tambah syarat daftar isi survei ribu download aplikasi tribunnews update berita baru android",2,2,0,2,"Positif"
"kunjung lolos kartu prakerja simak solusi daftar gelombang download aplikasi tribunnews update berita baru android",1,1,0,1,"Positif"
"bocor informasi kartu prakerja gelombang baik belum lolos download aplikasi tribunnews update berita baru android",4,2,2,0,"Netral"
"bocor kartu prakerja lanjut gelombang tidak gagal daftar download aplikasi tribunnews update berita baru android lewat",3,0,3,-3,"Negatif"
"pandu kartu prakerja gelombang kena blacklist download aplikasi tribunnews update berita baru android",0,0,0,0,"Netral"
"bocor jadwal daftar kartu prakerja gelombang baik gagal gelombang download aplikasi tribunnews update berita baru android lewat",3,1,2,-1,"Negatif"
"bocor daftar kartu prakerja gelombang buka gagal download aplikasi tribunnews update berita baru android lewat",2,0,2,-2,"Negatif"
"baru simak jadwal buka daftar kartu prakerja gelombang download aplikasi tribunnews update berita baru android",0,0,0,0,"Netral"
"jokowi presiden hormat boleh uang sisa saldo latih prakerja tolong berik covid belum semntar tidak kerja lumayan sambung hidup trimakasih jokowi sehat salam",7,4,3,1,"Positif"
"sudah bantu prakerja bpjs blt belum",1,0,1,-1,"Negatif"
"eh amin kalo pns sudah prakerja tidak bsu",1,0,1,-1,"Negatif"
"prakerja mainin minjem ktp orang orang tidak erti duit",1,0,1,-1,"Negatif"
"suami susah banget lolos prakerja",2,1,1,0,"Netral"
"masuuuk sudah prakerja",0,0,0,0,"Netral"
"hubung sudah kartu prakerja tidak bsu cuma share info muehehehe cek bun info gtk nya lumayan",2,1,1,0,"Netral"
"benar pemerintah asih bantu sudah banget prakerja bpjs ketenagakerjaan bsu blt belum ngakalin biar double double",4,3,1,2,"Positif"
"banget tidak lolos prakerja",3,1,2,-1,"Negatif"
"lhaaaa sudah pns kali gadapet bsu ku prakerja gagal ros kzl",1,0,1,-1,"Negatif"
"tidak bantuin benah bantu bikin email daftarin prakerja mantap",2,1,1,0,"Netral"
"prakerja cair nih",1,1,0,1,"Positif"
"halo tokopedia hormat belum sertifikat dashboard prakerja tim skill academi belum ulas tokopedia sudah kelar min",3,1,2,-1,"Negatif"
"halo latih prakerja binus center ingin informasi teman teman sudah beli latih prakerja binus center marketplace belum daftar ulang redeem voucher binus center",2,0,2,-2,"Negatif"
"jadwal daftar kartu prakerja gelombang daftar online klik via",1,0,1,-1,"Negatif"
"info jadwal daftar kartu prakerja gelombang buka lihat via",0,0,0,0,"Netral"
"kartu prakerja gelombang buka update informasi via",0,0,0,0,"Netral"
"insentif kartu prakerja benar tambah ribu syarat daftar isi survei via",2,2,0,2,"Positif"
"jumhur hidayat ampo uang negara kartu prakerja part",0,0,0,0,"Netral"
"tuai kritik a puas program kartu prakerja",3,1,2,-1,"Negatif"
"program kartu prakerja lebih insentif banding latih",2,2,0,2,"Positif"
"kartu prakerja lanjut",0,0,0,0,"Netral"
"program kartu prakerja lanjut harap moeldoko",0,0,0,0,"Netral"
"mohon info prakerja tidak bsu",1,0,1,-1,"Negatif"
"mohon info rekan prakerja tidak blt",1,0,1,-1,"Negatif"
"foto mah nyomot asli sih ngarepin kartu prakerja panggil cuci mobil kalo karyawan cuci tidak kerja nyerep nyerep kali deh lumayan tunggu kartu prakerja",4,3,1,2,"Positif"
"sopir pribadi cari kartu prakerja",0,0,0,0,"Netral"
"komplain salur unggah cukup uangkapan terimakasih program kartu prakerja lewat sekal sukur program jokowi",4,2,2,0,"Netral"
"saldo ovo buk kosong mulu bikin rencana prakerja eh tidak tembus tembus",2,0,2,-2,"Negatif"
"info baru moeldoko kait program kartu prakerja arah presiden joko widodo",0,0,0,0,"Netral"
"yeng lulus prakerja sudah boleh kerja monggo absen",2,2,0,2,"Positif"
"nyata jokowi miskin tumbuh subur kartu prakerja redam laju anggur indonesia",3,1,2,-1,"Negatif"
"bantu cuma enggak prakerja enggak liat bumn enggak ndremis ah kuat kerja",6,2,4,-2,"Negatif"
"untung tidak bilang prakerja harus buzzer",3,1,2,-1,"Negatif"
"subsidi prakerja alangkah lebih kemnaker lebih training free latih skill daftar kerja bukan training hidup uang",5,5,0,5,"Positif"
"kartu prakerja tutup mulut",0,0,0,0,"Netral"
"kartu prakerja cipta kerja",1,1,0,1,"Positif"
"presiden nya butuh prakerja tidak kerja",2,1,1,0,"Netral"
"insentif prakerja tambah",1,1,0,1,"Positif"
"moeldoko target latih prakerja gelar offline",0,0,0,0,"Netral"
"daftar kartu prakerja gelombang baru buka",0,0,0,0,"Netral"
"moeldoko prakerja komplain",1,0,1,-1,"Negatif"
"survei bps kartu prakerja tingkat terampil terima",4,3,1,2,"Positif"
"teriak hoetang hoetang kalo kuliah pakai bidikmisi rumah jilat duit blt ngarepin duit prakerja tidak deh teriak hoetang hoetang negara bayarin pajak bolos",5,0,5,-5,"Negatif"
"pagi pagi sudah sms banking dana prakerja sudah cair nyata alhamdulillah",2,2,0,2,"Positif"
"daftar prakerja gelombang daftar kudu sabar banget gabung gelembang coba gelombang lolos gelombang alhamdulillah rezeki tidak",5,3,2,1,"Positif"
"konsep digitalisasi kartu prakerja pola baru layan birokrasi",0,0,0,0,"Netral"
"selamat pagi skill academy status sertifikat sudah lapor tokopedia tanggal november sudah rating ulas status belum muncul didashboard prakerja",2,1,1,0,"Netral"
"akun prakerja",0,0,0,0,"Netral"
"bukan kirim banget o daftar prakerja tolak sedih",1,0,1,-1,"Negatif"
"prakerja tuh",0,0,0,0,"Netral"
"pemerintah putus lanjut program kartu prakerja",1,0,1,-1,"Negatif"
"sakernas gelar bps temu program kartu prakerja temu",0,0,0,0,"Netral"
"subsidi gaji otoritas bendahara catat program kartu prakerja tanggal november capai realisasi triliun jangkau",2,2,0,2,"Positif"
"daftar kartu prakerja gelombang dokumen wajib daftar offline",0,0,0,0,"Netral"
"daftar kartu prakerja online offline daftar gelombang buka",0,0,0,0,"Netral"
"saldo kartu prakerja cair gelombang buka",1,1,0,1,"Positif"
"daftar gelombang buka daftar kartu prakerja offline",0,0,0,0,"Netral"
"link download permenaker nomor atur daftar kartu prakerja offline",0,0,0,0,"Netral"
"daftar kartu prakerja gelombang laku offline",0,0,0,0,"Netral"
"login dashboard prakerja cek saldo intensif atm bni ovo link gopay",0,0,0,0,"Netral"
"dokumen daftar kartu prakerja offline gelombang buka",0,0,0,0,"Netral"
"contoh formulir daftar kartu prakerja harus isi daftar offline",1,1,0,1,"Positif"
"update info kartu prakerja daftar offline buka gelombang",0,0,0,0,"Netral"
"info baru daftar kartu prakerja gelombang buka",0,0,0,0,"Netral"
"daftar kartu prakerja online info baru gelombang",0,0,0,0,"Netral"
"tidak marah nya email verifikasi kartu prakerja sudah kirim tanggal oktober bukan masuk kontak masuk email masuk spam gila daftar nyata masuk spam pantesan tidak baca asu",5,0,5,-5,"Negatif"
"moeldoko kartu prakerja pola baru layan birokrasi",0,0,0,0,"Netral"
"survei bps mayoritas terima kartu prakerja laki laki usia muda tinggal kota download aplikasi tribunnews update berita baru android via",2,2,0,2,"Positif"
"program kartu prakerja lanjut terima tidak via",2,1,1,0,"Netral"
"tunggu progam prakerja",0,0,0,0,"Netral"
"sih harap kartu prakerja",0,0,0,0,"Netral"
"sudah selesa latih belum",1,0,1,-1,"Negatif"
"sisa prakerja",0,0,0,0,"Netral"
"menteri koordinator bidang ekonomi imbau program kartu prakerja selesa latih berik",0,0,0,0,"Netral"
"bahas uu prakerja",0,0,0,0,"Netral"
"idam latih front end gratis dicoding via prakerja eh dicodingnya hilang menu",1,1,0,1,"Positif"
"lelah urus prakerja close belum selesai",3,0,3,-3,"Negatif"
"kartu prakerja",0,0,0,0,"Netral"
"kalo demo prakerja positif tidak kakak",3,1,2,-1,"Negatif"
"demo prakerja kerumun bong",1,0,1,-1,"Negatif"
"tips pilih latih program kartu prakerja",0,0,0,0,"Netral"
"tips lolos terima program kartu prakerja",2,2,0,2,"Positif"
"kartu prakerja subsidi gaji blt termin lewat",1,1,0,1,"Positif"
"bni suka telat termin ambil jatah sih sudah mah prakerja bansos pkh bsu bingung transfer",3,2,1,1,"Positif"
"bni rakus program pemerintah ambil bsu prakerja pkh umkm bansos kemensos bingung",2,1,1,0,"Netral"
"by the way pas tanggal lolos masuk tahap prakerja tahap prakerja tanggal tanggal nov badan tidak beres drop banget masuk kerja kepala bapil tenggorok tidak rasai makan",4,2,2,0,"Netral"
"daftar kartu prakerja gelombang buka",0,0,0,0,"Netral"
"e i mbak pas tanggal muda opomane pas habis cair dana prakerja",4,3,1,2,"Positif"
"joki prakerja",0,0,0,0,"Netral"
"oke lebih sekal istirahat jaga sehat kerja kafe unjung saran coba mama daftarin prakerja deh syarat gampang kak",4,3,1,2,"Positif"
"kalo bingung prakerja nder tau bantu",1,0,1,-1,"Negatif"
"mmf salah web harus",1,0,1,-1,"Negatif"
"nyata jokowi miskin tumbuh subur kartu prakerja redam laju anggur indonesia",3,1,2,-1,"Negatif"
"halo min kalo bikin tabung prakerja harus lolos prakerja bikin tunggu lolos",2,2,0,2,"Positif"
"tau harap blt prakerja kadrun biar bukti",0,0,0,0,"Netral"
"kaget ngisi ovo ku eh insentif prakerja",1,1,0,1,"Positif"
"sudah kartu prakerja omnibus law naik mapah hutang naik australia jerman",3,2,1,1,"Positif"
"teman ku banget asli sudah usaha story libur eh ngemis ngemis ngakunya pas tunggu prakerja tunggu bantu umkm story nya heboh",1,1,0,1,"Positif"
"bantu orang kartu bpjs kartu prakerja kartu keluarga cuman ktp tidak tidak mohon respon",2,0,2,-2,"Negatif"
"bahagia mudah batas prakerja usaha slow",2,2,0,2,"Positif"
"program kartu prakerja tingkat terampil kerja terima ekonomi bukti hasil",5,4,1,3,"Positif"
"belum bang gagal mulu belum prakerja",3,0,3,-3,"Negatif"
"tolak rezim prakerja",0,0,0,0,"Netral"
"duit prakerja biaya duit prakerja modal usaha duit prakerja didik duit prakerja jalan jalan",0,0,0,0,"Netral"
"pemerintah catat terima kartu prakerja capai orang daftar",1,1,0,1,"Positif"
"terima kartu prakerja rancam insentif",2,2,0,2,"Positif"
"program kartu prakerja lanjut pemerintah anggar triliun",0,0,0,0,"Netral"
"hujan kritik mayoritas manfaat kartu prakerja",2,1,1,0,"Netral"
"survei bps daya tarik utama kartu prakerja",2,2,0,2,"Positif"
"moeldoko digitalisasi kartu prakerja pola baru birokrasi",0,0,0,0,"Netral"
"prakerja gelombang buka via login link daftar download aplikasi tribunnews update berita baru android via",0,0,0,0,"Netral"
"jangan lupa orang militan nomor prakerja",1,0,1,-1,"Negatif"
"fitur baru dashboard akun kartu prakerja cek isi survey evaluasi insentif ribu via",1,1,0,1,"Positif"
"program kartu prakerja lanjut henti gelombang download aplikasi tribunnews update berita baru android via",0,0,0,0,"Netral"
"saldo latih kartu prakerja cair sambung rekening bank akun cek",1,1,0,1,"Positif"
"trik lolos daftar kartu prakerja gelombang batch i buka cek detail",1,1,0,1,"Positif"
"fitur baru dashboard akun kartu prakerja cek isi survey evaluasi insentif ribu",1,1,0,1,"Positif"
"benar insentif kartu prakerja tambah kali cek fakta lihat isi survey dashboard akun",2,2,0,2,"Positif"
"orang sudah terima kartu prakerja",1,1,0,1,"Positif"
"muka ku tonton video materi salah mitra prakerja",1,0,1,-1,"Negatif"
"benar kartu prakerja manfaat simak hasil survei bps",2,2,0,2,"Positif"
"bps beber temu tarik kartu prakerja",1,1,0,1,"Positif"
"survei bukti kartu prakerja a puas",2,1,1,0,"Netral"
"kartu prakerja terobos birokrasi transparan",1,1,0,1,"Positif"
"duh insentif kartu prakerja rancam hangus desember",1,1,0,1,"Positif"
"tau gelombang daftar prakerja buka",0,0,0,0,"Netral"
"guyss prakerja ngalamin ganggu tidak pas beli latih tkpd smalam",1,0,1,-1,"Negatif"
"guyss latih prakerja tidak cek insentif web prakerjanya sudah sertif bantuin solusi",2,1,1,0,"Netral"
"sedih tangis takut belum kerja kali interview tidak lolos hidup jalan uang nipis gantung prakerja bukan tidak syukur butuh tidak",11,3,8,-5,"Negatif"
"luncur april latih online program kartu prakerja kerap kritik kalangan pemerintah via",1,0,1,-1,"Negatif"
"kartu prakerja harus selesa latih belum desember",1,0,1,-1,"Negatif"
"kartu prakerja nilai redam laju anggur indonesia",1,0,1,-1,"Negatif"
"terima kartu prakerja capai orang",1,1,0,1,"Positif"
"survei bps persen kartu prakerja sudah kerja",1,1,0,1,"Positif"
"kartu prakerja butuh inovasi digitalisasi layan publik indonesia",1,1,0,1,"Positif"
"program kartu prakerja prakerja gelombang buka",0,0,0,0,"Netral"
"gambar lonceng halaman dashboard kartu prakerja ramai bicara warganet media sosial",2,1,1,0,"Netral"
"simak agam berita warna laman tren kamis jumat pagi",0,0,0,0,"Netral"
"sudah kartu prakerja nyata cukup laju anggur indonesia",3,1,2,-1,"Negatif"
"persen kartu prakerja nyata status sudah kerja turun jam kerja kurang",4,2,2,0,"Netral"
"pemerintah dorong digitalisasi sistem layan publik digital salah kartu prakerja",1,0,1,-1,"Negatif"
"kartu prakerja belum selesa latih desember",1,0,1,-1,"Negatif"
"program kartu prakerja gulir april daftar terima",1,1,0,1,"Positif"
"terima tidak selesa latih status kepesertaan kartu prakerja cabut",2,1,1,0,"Netral"
"pemerintah lanjut program kartu prakerja",0,0,0,0,"Netral"
"terima program kartu prakerja daftar",1,1,0,1,"Positif"
"selamat malam jadwal webinar live session khusus kartu prakerja sukses design web cek tiket nya sudah tidak mohon bantu terimakasih",6,4,2,2,"Positif"
"min orang jawa heker tuyul tuh prakerja",1,1,0,1,"Positif"
"dongkrak daya beli kartu prakerja lanjut",0,0,0,0,"Netral"
"buka prakerja gelombang bocor",1,0,1,-1,"Negatif"
"moeldoko bicara prakerja belum pandemi covid",3,0,3,-3,"Negatif"
"buru login daftar latih kartu prakerja hangus",0,0,0,0,"Netral"
"ksp daftar kartu prakerja beludak",0,0,0,0,"Netral"
"hasil survei bps kartu prakerja tingkat terampil kerja terima",5,4,1,3,"Positif"
"neo harap program kartu prakerja lanjut",0,0,0,0,"Netral"
"kartu prakerja tingkat kualitas sdm",1,1,0,1,"Positif"
"manfaat tingkat terampil kerja insentif kartu prakerja butuh hidup",6,5,1,4,"Positif"
"pemerintah kartu prakerja selesa latih ingin uang insentif cair",2,2,0,2,"Positif"
"kartu prakerja lebih insentif timbang latih",2,2,0,2,"Positif"
"kalo kakak sudah ktp coba daftar kartu prakerja kak kakak latih modal usaha semangat kak",1,1,0,1,"Positif"
"kelas lean startup latih kartu prakerja by the way bahas kena dnvb",0,0,0,0,"Netral"
"mohon maaf admin sudah selesa kelas tanggal oktober status dasbord prakerja aktif mohon bantu mohon tindak lanjut terima kasih",3,3,0,3,"Positif"
"rekan sudah isi survey prakerja submit hasil muat ulang tidak disubmit min",2,0,2,-2,"Negatif"
"pandemi bikin kartu prakerja insentif banding latih",2,1,1,0,"Netral"
"curiga prakerja",1,0,1,-1,"Negatif"
"laku tambah uang bayar cicil gadai bpkb motor belum nutup nglunasin hutang bantu pemerintah tidak prakerja daftar tidak lolos prioritas kena phk",7,1,6,-5,"Negatif"
"tidak sudah prakerja kemenaker tidak",2,0,2,-2,"Negatif"
"pilih tunggu kuota prakerja sihir buka klinik ahli sihir pinggir jalan bengkel sapu terbang",3,3,0,3,"Positif"
"program kartu prakerja lanjut",0,0,0,0,"Netral"
"alhamdulillah puas dukung prakerja dukung pemerintah",3,2,1,1,"Positif"
"kemenko ekonomi kartu prakerja belum selesa latih susiwijono imbau kartu prakerja selesa latih insentif sudah janji pemerintah",3,2,1,1,"Positif"
"survei bps persen kartu prakerja giur insentif survei angkat kerja nasional sakernas agustus bps catat persen terima kartu prakerja selesa latih atak program tingkat sih a",5,5,0,5,"Positif"
"ruzam rezim gilir bansos prakerja duluan daftar",1,1,0,1,"Positif"
"teknologi bidang teknologi latih minat prakerja tenaga kerja bidang masuk cari usaha uang gaji sedia kelas programming cisco editing audio",1,1,0,1,"Positif"
"gembira terima bantu prakerja utama gelombang sudah selesai latih nya jadwal insentif gratis kuota internet up gb skill academy tanggal november",4,4,0,4,"Positif"
"reminder tinggal pakai saldo prakerja saldo prakerja hangus nih sayang banget sudah biaya latih skill gratis nilai tidak pakai",3,2,1,1,"Positif"
"hai terima kartu prakerja pengin bikin usaha muda aduh sudah umur gin tidak bikin usaha",3,2,1,1,"Positif"
"kewirausahaan latih prakerja berik strategi baru buka usaha contoh kelas masker",1,1,0,1,"Positif"
"sayang banget sudah biaya latih skill gratis nilai tidak pakai yuk saldo prakerja latih skill academy jangan kunjung link ambil latih nya",3,2,1,1,"Positif"
"reminder terima bantu prakerja sempurna pakai saldo prakerja kurang fyi kalo saldo prakerja hangus tanggal desember alias kurang",4,2,2,0,"Netral"
"bingung ingin latih tenang sudah rangkum latih favorit prakerja baik latih favorit sedia lho kelas kelas skill academy tidak wajib webinar",6,4,2,2,"Positif"
"survei bps program kartu prakerja tingkat terampil terima",4,3,1,2,"Positif"
"prakerja gelombang sil",0,0,0,0,"Netral"
"ribu survey kartu prakerja dashboard prakerja download aplikasi tribunnews update berita baru android",0,0,0,0,"Netral"
"baru jadwal kartu prakerja gelombang buka lewat",0,0,0,0,"Netral"
"kontribusi tim bu sulut tikai selamat menang gugat sengketa informasi kait prakerja",3,3,0,3,"Positif"
"survei badan pusat statistik bps mayoritas program kartu prakerja manfaat kepesertaannya program",1,1,0,1,"Positif"
"survei angkat kerja nasional sakernas bps program kartu prakerja tingkat terampil kerja terima",7,6,1,5,"Positif"
"program kartu prakerja laku lama tujuh daftar sudah capai orang minat tingkat kerja lanjut",3,2,1,1,"Positif"
"gtk non pns sudah bantu prakerja bsg min",0,0,0,0,"Netral"
"sih lulus hogwarts kartu prakerja",1,1,0,1,"Positif"
"halo min siang data budget website prakerja",0,0,0,0,"Netral"
"survei bps mayoritas program kartu prakerja tingkat terampil",3,2,1,1,"Positif"
"latih prakerja gampang proses tidak pakai ribet sertifikat cepat insentif tidak pakai lama bukan studilmu beli vouchernya id latih aplikasi studilmu",6,2,4,-2,"Negatif"
"daftar foto screenshot sertifikat vouchers latih prakerja studilmu telegram gratis kualitas misi enlightening indonesia",1,1,0,1,"Positif"
"aplikasi studilmu sedia google play store ios app store mudah kakak ajar",1,1,0,1,"Positif"
"aplikasi studilmu sedia bentuk aplikasi google play store ios app store mudah kakak ajar",1,1,0,1,"Positif"
"latih prakerja tanpa ribet latih kartu prakerja studilmu aplikasi mudah tidak ribet beli voucher latih studilmu mitra resmi go id id",5,1,4,-3,"Negatif"
"kursus puas langgan wajib bangun tah langgan loyal kursus id program kartu prakerja kursus laris beli saldo prakerja",3,2,1,1,"Positif"
"selesa latih prakerja belum desember latih pengaruh insentif prakerja",3,2,1,1,"Positif"
"tunggu latih prakerja studilmu beli vouchernya id selesa belum desember",1,0,1,-1,"Negatif"
"sih prakerja",0,0,0,0,"Netral"
"latih prakerja selesai insentif",1,1,0,1,"Positif"
"program prakerja tidak bikin rekening via ovo linkaja",1,0,1,-1,"Negatif"
"nder gapapa kali duit beasiswa bukan duit kasi pemerintah bayar kuliah intensif prakerja loh pakai bebas beli bukan tersier kecuali kalo sudah tajir mlintir beasiswa heboh sabar",3,2,1,1,"Positif"
"tidak pakai kartu prakerja ndan",1,0,1,-1,"Negatif"
"teman teman ngeluh tidak bsu diinget ajuin kartu prakerja tidak lolos prakerjanya otomatis tidak bsu",6,1,5,-4,"Negatif"
"prakerja segmentasi pasar jatohnya orang butuh duit bukan butuh skill masuk dunia kerja",1,1,0,1,"Positif"
"latih prakerja dana hasil terima bank bni belum dana masuk rekening status insentif dana sudah hasil transfer",4,3,1,2,"Positif"
"kak prakerja daftar rek bni sumber terima dana dana hasil masuk dana hasil transfer rek bni belum dana masuk salah rek bni",4,2,2,0,"Netral"
"wirausaha linting duniawi harap prakerja turun jingann",2,0,2,-2,"Negatif"
"iyess des cutber tanggal doang kalo daftar prakerja wae latih ngerakit bom hufhh",1,0,1,-1,"Negatif"
"sido cok alhamdulilah dadi calo prakerja lumayan iki",3,1,2,-1,"Negatif"
"daftar kartu prakerja gelombang buka",0,0,0,0,"Netral"
"kartu prakerja bohong tidak tau",2,0,2,-2,"Negatif"
"pilih tidak asih prakerja glo gagal balas budi",2,0,2,-2,"Negatif"
"resmi jadwal daftar kartu prakerja gelombang deadline desember cek",1,0,1,-1,"Negatif"
"instagram shopee shopee website kartu prakerja",0,0,0,0,"Netral"
"belum bang give away pemerintah tidak sekal prakerja bpum",2,0,2,-2,"Negatif"
"mah prakerja pakai ovo link",0,0,0,0,"Netral"
"beda prakerja",0,0,0,0,"Netral"
"lumayan prakerja tinggal tunggu cair terima kasih jokowi",4,4,0,4,"Positif"
"prakerja buka sih",0,0,0,0,"Netral"
"terima prakerja tidak kemnaker sedabgkan bpjs ku terima kartu prakerja tidak hak blt",4,2,2,0,"Netral"
"bts blt bpjs prakerja coba cek rekening karyawan subsidi tidak moga tidak kufur nikmat jangan adu domba orang jabat tidak prestasi",8,3,5,-2,"Negatif"
"samping ngurusi prakerja e rencang doyo",0,0,0,0,"Netral"
"program prakerja suka salah sasar butuh tidak terima tidak butuh terima teman kerja transjaka apply terima deh enak gaji gede harus tidak butuh gliran anggur apply uban tolak",10,5,5,0,"Netral"
"selamat malam min tany blt tahap tidak usaha sudah daftar karti prakerja sbgian teman blt mohon min trmksh",2,1,1,0,"Netral"
"tau ata nik bawah kartu nomor prakerja bawah tanggal aktif suai syarat nomor rekening daftar tidak cek dipengaturan tidak options terimakasih mohon bantu",3,1,2,-1,"Negatif"
"aguero putus dagang ketoprak lihat update p lebih pilih daftar kartu prakerja",2,1,1,0,"Netral"
"halo gais beli latih skill academy khusus non prakerja boleh banget dm skill tambah",2,1,1,0,"Netral"
"hai gaiss beli latih skill academy khusus non prakerja boleh banget dm diskon tambah",2,1,1,0,"Netral"
"bayar mbak bikin rekening prakerja tidak pakai deposit alias gratis",2,1,1,0,"Netral"
"bangun tidur kaya ngutang ngempanin rakyat bansos prakerja bantu bpjs naker umkm bayar bunga utangnya bpjs sehat listrik tol dinaikin deh imbas bahan pokok naik miskin larat sial banget deh",7,5,2,3,"Positif"
"sektor goyang orang kerja dagang prakerja salah sasar resesi solusi kurang belanja lebih kurang kian terima kasih",8,4,4,0,"Netral"
"tenaga didik gigit jari bsu tidak coba prakerja tidak lulus gelombang bpjs ketenagapekerjaan tidak prakerja bsu urus cair bpjs ketenagapekerjaan double",7,3,4,-1,"Negatif"
"benar daftar latih tidak selesa arti tidak terima dana kartu prakerja kak sudah lama sudah kitar tidak selesa",6,2,4,-2,"Negatif"
"poin sudah usaha urus poin daftar latih kartu prakerja tidak tidak terima dana prakerja",3,1,2,-1,"Negatif"
"orang sudah terima dana prakerja blt",1,1,0,1,"Positif"
"bikin rekening bni prakerja tidak pakai saldo kak",1,0,1,-1,"Negatif"
"daftar kartu prakerja tidak gelombang tutup coba daftar tidak tidak tuh tidak email verifikasi sekal email banget daftar tidak email verifikasi",5,0,5,-5,"Negatif"
"miris dngar bapa tetangga bodoh orang joki prakerja",1,0,1,-1,"Negatif"
"blt prakerja sultra via bank bni cair",1,1,0,1,"Positif"
"prakerja cair nya lancar suai tanggal jadwalin bohong sih jahanam",5,2,3,-1,"Negatif"
"maaf bikin rekening prakerja bni gratis",2,2,0,2,"Positif"
"daftar prakerja kena dampak resesi",1,0,1,-1,"Negatif"
"benar bohongin minjem bilang prakerja belum cair",3,2,1,1,"Positif"
"nih model nganggur kuliah oke terima belum rejekinya kerja nongkrong asih duit kuota belikan minjem bikin rekening bni lolos prakerja",5,4,1,3,"Positif"
"kak rekening bni prakerja bukan tidak pakai saldo",1,0,1,-1,"Negatif"
"kerja kerja kerja prakerja",3,3,0,3,"Positif"
"survei evaluasi program kartu prakerja sudah buka",0,0,0,0,"Netral"
"keren presiden jokowi bangun infrastruktur kebut sdmnya kartu prakerja selamat pagi mbak syanaz",3,3,0,3,"Positif"
"anarkis bikin prakerja",1,0,1,-1,"Negatif"
"kali prakerja cair sudah",1,1,0,1,"Positif"
"malam sahabat terima kasih data informasi bantu ecek belum penuh kriteria terima bsu sudah daftar program prakerja",6,4,2,2,"Positif"
"malam sahabat terima kasih data informasi bantu ecek belum penuh kriteria terima bsu sudah daftar program prakerja informasi syarat calon terima bsu",7,5,2,3,"Positif"
"pagi sahabat terima kasih data informasi bantu ecek belum penuh kriteria terima bsu sudah daftar program prakerja",6,4,2,2,"Positif"
"pagi sahabat cek sahabat sudah daftar terima kartu prakerja ruh",1,1,0,1,"Positif"
"pagi sahabat mohon maaf nyaman terima kasih informasi data berik bantu ecek belum penuh kriteria terima bsu sudah daftar program prakerja angga",8,6,2,4,"Positif"
"siang sahabat konfirmasi daftar program bantu prakerja ziah",0,0,0,0,"Netral"
"malam sahabat terima kasih data informasi bantu ecek belum penuh kriteria terima bsu sudah daftar program prakerja informasi syarat calon terima bsu aktif minimal juni",7,5,2,3,"Positif"
"terima kasih data berik cek sahabat daftar terima kartu prakerja vey",3,3,0,3,"Positif"
"selamat sore sahabat perihal belum terima bsu cek sahabat daftar terima kartu prakerja vey",4,3,1,2,"Positif"
"pagi sahabat terima kasih data informasi bantu ecek belum penuh kriteria terima bsu sudah daftar program prakerja informasi syarat calon terima bsu aktif minimal juni",7,5,2,3,"Positif"
"hehhe curhat fase tidak support system masuk cuma ngandelin prakerja habis jangan lewat jangan belum tidak tau masuk yuk semangat nder tau kuat wipe ur tears",8,3,5,-2,"Negatif"
"tidak nder doang dikit cuma beli teci nutrisari uang prakerja",1,0,1,-1,"Negatif"
"buzzer prakerja",1,0,1,-1,"Negatif"
"alokasi dana prakerja terimakasih xob",1,1,0,1,"Positif"
"tanggal tua ngarepin dana prakerja ribu gaturun sih b",0,0,0,0,"Netral"
"antri kartu prakerja",1,0,1,-1,"Negatif"
"prakerja kpps gaji",0,0,0,0,"Netral"
"kalah sabet kartu prakerja",1,0,1,-1,"Negatif"
"bukan iri cuma kasihan daftar prakerja benar butuh tidak",5,2,3,-1,"Negatif"
"teman sudah kerja gaji sudah blt daftar prakerja gila",2,1,1,0,"Netral"
"pengin lolos daftar prakerja",1,1,0,1,"Positif"
"live jam youtube latih prakerja",0,0,0,0,"Netral"
"youtubnya latih prakerja",0,0,0,0,"Netral"
"dulur ku duwek prakerja ambek umkm langsung gawe dp sepeda alhamdulillah onok corona sepedae tambah anyar anyar",2,1,1,0,"Netral"
"sih ku r jenis online program prakerja latih online kalo efektif tidak efektif sih gantung komitmen niat ajar online offline",6,3,3,0,"Netral"
"bukan program kartu prakerja hai milik atur arah jalan hidup",0,0,0,0,"Netral"
"bukan program kartu prakerja hai arti tuju hidup kadang lintas istirahat jenak penat aktivitas",1,0,1,-1,"Negatif"
"bukan program kartu prakerja hai pikir sudah benar benar paham islam lama anut baik yuk gabung program islam for beginner",6,4,2,2,"Positif"
"mudah program favorit berik testimoni baik ayo hadiah tarik nilai",5,5,0,5,"Positif"
"prakerja laksana live instagram bahas lebih lanjut skill cuan tarik unjung instagram",2,2,0,2,"Positif"
"bukan program kartu prakerja hai daftar aji online islam for beginner desember lho",0,0,0,0,"Netral"
"hai yuk manfaat sisa saldo kartu prakerja tambah skill hadiah tarik voucher pulsa modal usaha program prakerja lho",3,3,0,3,"Positif"
"yuk gabung latih prakerja baik kualitas prakerja kunjung latih aplikasi",1,1,0,1,"Positif"
"course prakerja",0,0,0,0,"Netral"
"jual kah sertifikasi prakerja",0,0,0,0,"Netral"
"kerja penerimah upah prakerja jokowi",1,1,0,1,"Positif"
"bayar bpjs pln beli kuota pulsa beli kelas prakerja selalu tokopedia praktis harga lebih miring oiya cashback ovo cashback nya tuh beli pulsa double deh untung",6,5,1,4,"Positif"
"lapis masyarakat bawah sudah berik bantu tahan kak bansos masyarakat miskin kartu prakerja baru kena phk subsidi gaji kerja gaji bawah hibah umkm tinggal eksekusi lapang",6,4,2,2,"Positif"
"tidak salah prakerja deh",2,0,2,-2,"Negatif"
"kartu prakerja belum blt kerja tidak masuk bpjs ketenagakerjaan bpjs sehat bayar nasebmu nas",4,2,2,0,"Netral"
"program kartu prakerja gelombang belum nih",1,0,1,-1,"Negatif"
"anggur quarantine bosan tidak duit jual online tidak laku habis modal iklan cari kerja rumah prakerja tidak lolos cari giat mati bosan",14,4,10,-6,"Negatif"
"skill academy wa pulsa gb akses sa mending munculin sertifikat dashboard prakerja asih pulsa",0,0,0,0,"Netral"
"nasib data valid tidak prakerja tidak cair",5,2,3,-1,"Negatif"
"hasil seko kertu prakerja wae begayaan selingkuh",0,0,0,0,"Netral"
"program prakerja daftar tipu tidak resin warga lapar",2,0,2,-2,"Negatif"
"belum turun duit prakerja",2,0,2,-2,"Negatif"
"latih terampil bantu usaha salur kerja warga prakerja kurang",4,2,2,0,"Netral"
"mekanisme system laku prakerja contoh proses daftar online terima data jadwal salur dana bantu dimonitoring langsung dana proses transfer lebih aman nyaman hindar covid",7,6,1,5,"Positif"
"daftar",0,0,0,0,"Netral"
"tidak kerja daftar prakerja",2,1,1,0,"Netral"
"ingin berkarir industri pangan ahli harus ajar tingkat bidang aman pangan sudah kuasa ahli",5,5,0,5,"Positif"
"ah ampun moga masuk deh hikssss kuota habis latih prakerja moga deh om by the way lancar om",5,2,3,-1,"Negatif"
"jatah prakerja tidak tuh",1,0,1,-1,"Negatif"
"entar aja prakerja belum turun besan pakai",2,0,2,-2,"Negatif"
"jangan bilang prakerja warisin cewek",0,0,0,0,"Netral"
"tidak prah pas lihat ktp teman acc prakerja bentuk warna tidak beda ciri palsu",3,0,3,-3,"Negatif"
"luncur maret program kartu prakerja bijak terobos pemerintah tingkat kualitas sumber daya manusia sdm indonesia",2,2,0,2,"Positif"
"program kartu prakerja rupa inovasi kembang sdm unggul penuh manfaat teknologi digital",5,4,1,3,"Positif"
"kaya tidak fasilitas kik kuk kartu prakerja sembako",2,1,1,0,"Netral"
"assalamualaikum presiden hormat cuma anak buah tidak hati cuit program bsu prakerja",3,2,1,1,"Positif"
"sertifikat akun skill academy sudah muncul dashboard prakerja belum muncul status latih dashboard aktif sudah selesai mohon bantu kendala",1,0,1,-1,"Negatif"
"kartu prakerja belum cair cari makan",2,1,1,0,"Netral"
"subsidi bbm premium solar tuh tidak cabut listrik gratis wh diskon wh impor sudah jarang tani surplus bidang resesi kartu prakerja sudah laksana kadrun tidak terima bijak jokowi",7,4,3,1,"Positif"
"prakerja paham benar ekonomi haru",1,1,0,1,"Positif"
"tidak tunggu dana prakerja cair",2,1,1,0,"Netral"
"sponsor by prakerja",0,0,0,0,"Netral"
"sumpah deh kalo prakerja lolos sudah beli trx",1,1,0,1,"Positif"
"feeling trx naik anjir sudah prediksi garagara tidak lolos prakerja tidak beli",5,2,3,-1,"Negatif"
"hubung kerja belum bsu termin site aps dana bsu on proses tidak bsu ambil contoh program kartu prakerja user cek status insentif terima",6,4,2,2,"Positif"
"assalamualaikum guru honorer sudah daftar prakerja tidak intensif bsu guru honorer orang intensif umkm intensif blt intensif bsu guru honorer tidak adil nih mentri terimakasih mentri",6,2,4,-2,"Negatif"
"hai kak chyntya mohon maaf kena kendala alami informasi data data linkaja prakerja harus suai kak terima kasih rby",3,3,0,3,"Positif"
"halo kak beda nama akun link prakerja alam kakak cair tidak",2,1,1,0,"Netral"
"hati radius alun bansos lurah burangrang tidak adil dana prakerja warga miskin tidak sepeda motor tidak bansos covid",11,4,7,-3,"Negatif"
"akun prakerja tangguh saking komplain netizen",1,0,1,-1,"Negatif"
"coba prakerja yuk cari job freelance sribulancer",1,0,1,-1,"Negatif"
"sertifikat belum jongol dashboard prakerja sudah selesa materi tanggal november",1,0,1,-1,"Negatif"
"bahas program anggur jam gin tidak bukan kartu prakerja latih vokasional lebih unik",4,2,2,0,"Netral"
"rekan milik prakerja bantu subsidi upah tidak adil",5,2,3,-1,"Negatif"
"perssyaratan tidak milik prakerja",1,0,1,-1,"Negatif"
"love story malam minggu mending program kartu prakerja",2,2,0,2,"Positif"
"belum lolos prakerja belum beban",4,1,3,-2,"Negatif"
"innovilage dana nya cair gede tim prakerja tidak anyone",2,1,1,0,"Netral"
"pemerintah bantu nama pkh blt bansos prakerja",1,1,0,1,"Positif"
"boro lama kerja tidak prakerja blt",3,1,2,-1,"Negatif"
"teman bilang program pemerintah tidak manfaat eeeee ngebet kartu prakerja harap bantu bpjs ketenagakerjaan sih kakak hati",3,2,1,1,"Positif"
"untung tukang spanduk nih ayo lulus prakerja buka usaha cetak spanduk",2,2,0,2,"Positif"
"ye prakerja",0,0,0,0,"Netral"
"sadar tidak sih cuma suguh o solutif sudah senang eh kpk lemah eh prakerja tidak eh kerumun pandemi eh pemerintah tidak serius urus pandemi eh paksa pilkada eh paksa uu pandemi dalih kinerja eh eh eh",9,1,8,-7,"Negatif"
"tabe daftar kartu prakerja",0,0,0,0,"Netral"
"prakerja boleh jual tidak sih na",1,0,1,-1,"Negatif"
"stres banget butuh duit pengin jual akun prakerja ilegal",2,0,2,-2,"Negatif"
"reminder tinggal pakai saldo prakerja admin saldo prakerja hangus nih sayang banget sudah biaya latih skill gratis nilai tidak pakai",3,2,1,1,"Positif"
"admin nih kalo saldo prakerja hangus tanggal desember alias kurang sayang banget sudah biaya latih skill gratis nilai tidak pakai",4,2,2,0,"Netral"
"yuk pakai saldo prakerka latih skill academy jangan langsung kunjung pilih kelas suai butuh ingin happy learning teman teman",0,0,0,0,"Netral"
"hati hati lho insentif tidak turun kalo belum selesa latih prakerja ambil biar proses cair insentif lancar yuk selesa kelas latih belum tanggal desember",12,7,5,2,"Positif"
"yuk saldo prakerja skill academy raih manfaat sila isi form tim skill academy hubung selamat ajar teman teman",2,2,0,2,"Positif"
"bingung ingin latih tenang postingan sudah admin rangkum latih favorit prakerja baik latih favorit sedia lho kelas kelas skill academy",5,4,1,3,"Positif"
"sih calon terima tidak daftar terima bansos pemerintah pusat pkh kartu bako paket sembako bpnt kartu prakerja",4,3,1,2,"Positif"
"prakerja sudah cair yuk jalan",1,1,0,1,"Positif"
"calon terima bukan terima bansos pemerintah pusat pkh kartu sembako paket sembako bpnt kartu prakerja calon terima tidak bansos tidak daftar langsung hubung desa",7,5,2,3,"Positif"
"prakerja lanjut tidak bang",1,0,1,-1,"Negatif"
"nder sertifikat arkademi bukan prakerja buka laptop smk mudeng",0,0,0,0,"Netral"
"calon terima hilang mata cahari pandemi corona calon terima tidak daftar terima bansos pemerintah pusat peri pkh kartu sembako paket sembako bantu pangan non tunai bpnt kartu prakerja",7,4,3,1,"Positif"
"calon terima tidak daftar terima bantu sosial bansos pemerintah pusat pkh kartu sembako paket sembako bantu pangan non tunai bpnt kartu prakerja",5,4,1,3,"Positif"
"acara live youtube situ katak guru sudah bantu bpjs prakerja tidak bsu nyata info gtk kemenag tolong benar hati biar adil",5,3,2,1,"Positif"
"tunggu prakerja gelombang",0,0,0,0,"Netral"
"calon terima tidak daftar terima bantu sosial bansos pemerintah pusat peri pkh kartu bako paket sembako bantu pangan non tunai bpnt kartu prakerja",5,4,1,3,"Positif"
"mah tidak ngarti kak pemerintah blt prakerja vaccine covid ayo mumpung gratis gamau kalo bayar cok gratis blt prakerja stop aktivitas selamat lancar jaya aman sentosa",9,5,4,1,"Positif"
"bantu kudu pakai syarat asu usaha kecil tidak kasih bpjs anjing daftar prakerja data tidak daftar pulang kampung kampung tidak terima tuh zolim pemerintah anjing kasih bantu sulit syarat anjing",11,2,9,-7,"Negatif"
"sertifikat prakerja belum cc",1,0,1,-1,"Negatif"
"prakerja",0,0,0,0,"Netral"
"wow sudah prakerja embat",0,0,0,0,"Netral"
"iyo bib turuo duwek prakerja tulung disuwuk ndang metu ben tingkat kepedeanku naik",2,2,0,2,"Positif"
"antri prakerja",1,0,1,-1,"Negatif"
"tidak akun prakerja ku ta",1,0,1,-1,"Negatif"
"kartu prakerja nonaktif tidak pakai tracking hubung info bsu kantor tidak pakai prakerjanya nyata tidak sedih benar yaudah deh ikhlas",5,1,4,-3,"Negatif"
"prakerja sudah buka belum",1,0,1,-1,"Negatif"
"prakerja tidak kak",1,0,1,-1,"Negatif"
"kalo blt bpjs gaji under kalo prakerja tidak daftar",1,0,1,-1,"Negatif"
"kartu prakerja",0,0,0,0,"Netral"
"koyo kartu prakerja wajib berik ulas",0,0,0,0,"Netral"
"sedih daftar prakerja gelombang tidak lolos tidak blt pemerintah bentuk dampak banget gara gara pandemi",6,1,5,-4,"Negatif"
"habis hitung uang prakerja",2,1,1,0,"Netral"
"tanpa kartu prakerja tanpa blt kucoba tahan jalan cek review produk nya",2,0,2,-2,"Negatif"
"sepatu volly ribu baju volly ribu manset kaos kaki ribu total ribu dana dana intensif prakerja",0,0,0,0,"Netral"
"daftar prakerja",0,0,0,0,"Netral"
"lolos prakerja beb",1,1,0,1,"Positif"
"ku kartu prakerja wes",0,0,0,0,"Netral"
"cok gara gara gojek bobol insentif prakerja belum nerima",3,1,2,-1,"Negatif"
"bahagia kalo duit prakerja turun ok terimakasih prakerja sudah teman nganggur",3,2,1,1,"Positif"
"dear akun gojek sudah upgrade gopay plus dana insentif prakerja belum masuk terang dashboard baca hasil transfer cek gopay belum tambah saldo mohon bantu terimakasih",6,4,2,2,"Positif"
"takut pecat kartu prakerja",1,0,1,-1,"Negatif"
"belum ajar latih prakerja bantu usaha mama rumah duit tulis media wattpad pengin senang rencana ajar desember",2,1,1,0,"Netral"
"kalo bos tinggal nyatet besok demo tukang demo bolos bolos langsung pecat rusuh cuma toxic buruh toxic tidak syukur rakus pengin kaya buruh gaji umr dana prakerja kejar blt emplok kerja tidak demo demo wedus",11,3,8,-5,"Negatif"
"indonesia lebih enak tidak kerja duit blt umkm prakerja lapang kerja cina",6,5,1,4,"Positif"
"tidak tau sha tidak erti prakerja teh pas cari youtube testimoni karyawan kantor nyata pengin",2,0,2,-2,"Negatif"
"lebih malas huhu nya tidak ingin kali daftar kerja swasta tidak pns tidak daftar go grab food usaha nya tidak daftar kartu prakerja alas gagal tidak pas submit daftar",9,2,7,-5,"Negatif"
"holkay emis duit prakerja",0,0,0,0,"Netral"
"nadiem bsu tidak guru honorer daftar dapodik sudah tidak prakerja",2,0,2,-2,"Negatif"
"daftar prakerja gelombang gelombang tidak lolos bantu guru honorer tidak tidak layak bantu pemerintah",7,2,5,-3,"Negatif"
"gapok lisensi ribu bansos ribu prakerja hasil ngecheat",2,1,1,0,"Netral"
"andai youuber lokal bahas tps sbmptn masalah prakerja anti mainstream faedah",2,0,2,-2,"Negatif"
"prakerja joki umkm pribadi bantu kelompok tani bentuk barang jual uang tidak konsep bos",1,0,1,-1,"Negatif"
"bayar pajak ngandalin kartu prakerja",0,0,0,0,"Netral"
"prakerja hayoo",0,0,0,0,"Netral"
"salah kirim tau saldo prakerja sudah cair",2,1,1,0,"Netral"
"prakerja",0,0,0,0,"Netral"
"miris harap bantu uang prakerja",0,0,0,0,"Netral"
"banget jangan pakai lama beli voucher latih prakerja aplikasi mudah tinggal login pilih menu prakerja pilih latih ingin",2,1,1,0,"Netral"
"kak nomor kartu keluarga tidak deteksi website prakerja nomor kakak",1,0,1,-1,"Negatif"
"gondok prakerja tidak cair cair",5,2,3,-1,"Negatif"
"senang notif link prakerja",1,1,0,1,"Positif"
"cebong miskin ngantre kartu prakerja",1,0,1,-1,"Negatif"
"kelas data science prakerja seru",0,0,0,0,"Netral"
"jbjb beli pakai saldo prakerja tidak sih",1,0,1,-1,"Negatif"
"prakerja",0,0,0,0,"Netral"
"terima kasih prakerja if you know what i mean",2,2,0,2,"Positif"
"prakerja gelombang buka login informasi kck",0,0,0,0,"Netral"
"kalo update ktp elektronik suai kartu keluarga nik ktp cetak kartu keluarga beda nomor daftar akun prakerja kartu keluarga mohon bantu",0,0,0,0,"Netral"
"berat banget adu mulut eh usir sudah numpanglah rumah teman kos sisa uang kamar maling eh belum lama tipu teman prakerja benar jungkir tidak",8,1,7,-6,"Negatif"
"dot ken sendal gunung greenlight keto puki lolos kartu prakerja anjing",2,1,1,0,"Netral"
"prakerja enak",1,1,0,1,"Positif"
"shopee jangan keduluan bot sih malas banget",1,0,1,-1,"Negatif"
"latih barista bencoolen coffee sila daftar latih barista link",0,0,0,0,"Netral"
"jangan takut pacar hasil ku tara umr jogja tambah transfer kartu prakerja",2,1,1,0,"Netral"
"sayang jarang ajak jalan transfer kartu prakerja belum turun",4,2,2,0,"Netral"
"ih hati banget tipu mengatasnamakan prakerja temenku kena untung buru sadar",4,2,2,0,"Netral"
"hai kak kenal ervira gopay terima dana prakerja gopay uang belum masuk kak sudah kali jam",2,1,1,0,"Netral"
"prakerja",0,0,0,0,"Netral"
"kirim uang prakerja",0,0,0,0,"Netral"
"tunggu duit prakerja turun nih lumayan",2,1,1,0,"Netral"
"prakerja",0,0,0,0,"Netral"
"bikin prakerjamu tidak terima tips pilih latih prakerja cepat sertifikat",3,2,1,1,"Positif"
"drama yoona bukan drama cinta moga tidak cinta cinta bosan lihat drama korea cinta tidak drama yoona hush lebih lingkung kerja anak baru dunia kantor magang fresh graduate prakerja cocok tonton drama",11,8,3,5,"Positif"
"alas ketenagakerjaan prakerja gtk non pns tidak bantu kemendikbud",1,0,1,-1,"Negatif"
"maaf min benar kartu prakerja tidak klaim subsidi upah bpjs",4,3,1,2,"Positif"
"kalah debat bilang buzzerrp kalah pilpres bilang curang dunia cuma milik kaum data kalo data mari adu data kartu prakerja belum sempurna nolong orang masuk daftar",7,1,6,-5,"Negatif"
"belum gila bos calo oknum account cerita daftar pakai e ktp bacot baja duluan daftar kartu prakerja",4,0,4,-4,"Negatif"
"pergi kuterima nasib duit prakerja umur pendek benar deh",3,2,1,1,"Positif"
"kursus prakerja",0,0,0,0,"Netral"
"prakerja doang sing ulih mad sing lianne ore",0,0,0,0,"Netral"
"doang lamun twitter ig youtube fb ngebukanya ning chrome dibuke twitter ig kartu prakerja fb komik nonton film",0,0,0,0,"Netral"
"selamat pagi belum prakerja",2,1,1,0,"Netral"
"gambar lonceng halaman dashboard kartu prakerja",0,0,0,0,"Netral"
"daftar prakerja tidak sudah hidup anak presiden hormat",2,1,1,0,"Netral"
"kak ayas sudah prakerja alhamdulillah arti tinggal tunggu",1,1,0,1,"Positif"
"menteri koordinator bidang ekonomi catat butuh lapang kerja baru capai salah program pemerintah anggur kartu prakerja kawal obl nkri",4,2,2,0,"Netral"
"kak srtifikt dashboard prakerja status aktif sudah srtifikt lembaga email akun tokped brbda email prkerja mohon cerah nya beli latih tokped tidak",2,1,1,0,"Netral"
"pagi min tokped email brbda email daftar kartu prakerja berpenagruh insentif sertifikat tidak",2,1,1,0,"Netral"
"cpns blt bsu prakerja",0,0,0,0,"Netral"
"selamat pagi terima prakerja",2,2,0,2,"Positif"
"fungsi verifikasi kartu prakerja cairin duit bpjs pakai selfie ktp hati",2,2,0,2,"Positif"
"harus sedia lapang kerja pemerintah kartu prakerja sebaga strategi kawal obl nkri",2,2,0,2,"Positif"
"menteri koordinator menko bidang ekonomi airlangga hartarto catat butuh lapang kerja baru capai masalah anggur kartu prakerja kawal obl nkri",4,2,2,0,"Netral"
"blt bpjs blt umkm kartu prakerja alibi korupsi anggar situ gerangan",1,0,1,-1,"Negatif"
"materi kursus latih online gratis program kartu prakerja",1,1,0,1,"Positif"
"sudah belar nya sertifikat muncul dasbord prakerja nya",0,0,0,0,"Netral"
"bantu pemerintah tidak prakerja tidak daftar malas urus ribet eh rejeki tidak nama bantu kemdikbud login susah sekal rejeki tidak",9,2,7,-5,"Negatif"
"masak kalah prakerja prakerja banget sudah pakai gelombang gelombang saking cuma urus honorer mati web nya",2,0,2,-2,"Negatif"
"kartu prakerja uliha blt umkm ulih wih cair",1,1,0,1,"Positif"
"bayar utang subsidi negara nya kalo pakai prakerja gila",3,1,2,-1,"Negatif"
"capek daftar kartu prakerja tidak omong sih cuma mimpi mks mimpi",1,0,1,-1,"Negatif"
"kalo laksana nya lebih spesifik masyarakat hak bantu ouh kait kartu prakerja tidak isu untung program kartu",4,2,2,0,"Netral"
"eh turun prakerja",1,0,1,-1,"Negatif"
"the middle of nowhere prakerja kerja dipekerjakan kerja buruh mental bos",2,2,0,2,"Positif"
"dropship prakerja pemerintah lumayan kak kalo tidak salah",3,1,2,-1,"Negatif"
"kendala order training prakerja kontak cs problem solved tambah pesan motivasi moga sukses latih karir nya kak haru salut baik staff cs tokopedia",3,3,0,3,"Positif"
"sadly kelas kelas banget full pack nya cuma akses kartu prakerja",0,0,0,0,"Netral"
"kendala kait latih sertifikat kartu prakerja harus laku",0,0,0,0,"Netral"
"blt bansos prakerja bsu paketdata tidak alhamdulillah berrti anggap orang hahahah",3,2,1,1,"Positif"
"masuk terima kartu prakerja gelombang kaget coba masuk dashboard tidak hasil mereset password nik muncul alamat email bukan milik masuk curi data harus lapor",3,1,2,-1,"Negatif"
"sekolah nak kanak ayu ganteng gampang ttd mas mbak tinggal senyum doang kudu joged monyet hapal uud ruu prakerja",1,1,0,1,"Positif"
"emosi sist serti prakerja tidak dienter nubruk borderline wkwkw",1,0,1,-1,"Negatif"
"sedih banget besok zoom prakerja pagi sore ingin partisipasi coba",1,0,1,-1,"Negatif"
"webinar prakerja",0,0,0,0,"Netral"
"tidak ambil kelas comic uji kali webinar sertifikat baru terupdate prakerja langsung muncul bayar e wallet jadwal cair",2,1,1,0,"Netral"
"masuk tonton webinar latih latih harus lulus nilai minimal latih selesai baru sertifikat sertifikat baru terupdate dashboard prakerja",1,1,0,1,"Positif"
"jangan harap tanggal cair transfer prakerja e wallet realitanya kirim kerja tanggal cair inti sabar",6,5,1,4,"Positif"
"contoh kartu prakerja nya calo oknum milik akun raup subsidi hasil ngutang sasar kontrol situ waras",3,2,1,1,"Positif"
"lama hidup kolam cok follow instagram prakerja simak biar tidak lihat bloon",4,0,4,-4,"Negatif"
"daftar prakerja kakak nik kalimat tidak valid",1,0,1,-1,"Negatif"
"situ prakerja",0,0,0,0,"Netral"
"kartu prakerja tidak",1,0,1,-1,"Negatif"
"oalah sih prakerja",0,0,0,0,"Netral"
"coba daftarin prakerja deh",0,0,0,0,"Netral"
"rakyat sudah cekok blt buruh sudah pakai blt kemenaker gurih pencaker kasi blt prakerja a umkm aduh diam jokowi orang baik duit gurih",5,4,1,3,"Positif"
"prakerja ish sono program ora",0,0,0,0,"Netral"
"usaha usaha tambang batubara milik jabat negara rakyat indonesia milik basic usaha latih usaha tidak bilang latih kartu prakerja kartu sudah akses rakyat",1,0,1,-1,"Negatif"
"pengin ngerasaain prakerja blt selamat",1,1,0,1,"Positif"
"eno bening prakerja",0,0,0,0,"Netral"
"pamer atm skandal video artis taman komodo kumpul pilkada vaksin tidak kasus prakerja bunuh anak kecil aceh demo omnibuslaw ricuh kasus maybank",7,0,7,-7,"Negatif"
"kerja kelompok prakerja yuk",1,1,0,1,"Positif"
"rip prakerja",0,0,0,0,"Netral"
"ih orang orang duit kartu prakerja bantu blt gaji umr duit pakai tidak harap sih harap pemerintahan ew",2,0,2,-2,"Negatif"
"ass maf min perihal bsu program prakerja pemahaman program prakerja program jokowi bsu dampak pandemi kementrian ketenagakerjaan ida fauziah tidak atak program prakerja tidak bsu mohon penjelasnnya",3,0,3,-3,"Negatif"
"ass min perihal bsu program prakerja pemahaman program prakerja program jokowi bsu dampak pandemi kementrian ketenagakerjaan ida fauziah tidak atak program prakerja tidak bsu mohon penjelasnnya",3,0,3,-3,"Negatif"
"maaf maaf nih bang posisi rancam oshinya teman mending prakerja bil biar duit beli vc oshi",2,2,0,2,"Positif"
"daftar prakerja",0,0,0,0,"Netral"
"prakerja tuh",0,0,0,0,"Netral"
"kalo sudah baca kalo sudah hasil sesal pas kartu prakerja hasil",0,0,0,0,"Netral"
"gaterasa sudah habis jatah prakerja",2,1,1,0,"Netral"
"prakerja sudah koh",0,0,0,0,"Netral"
"kartu prakerja sudah storynya",0,0,0,0,"Netral"
"terima bantu subsidi upah bsu lolos gaji prakerja tidak cair dana bsu tanda tang bermaterai",7,5,2,3,"Positif"
"selamat sore min konfirmasi kendala sertifikat belum muncul dashboard prakerja sudah isi rating ulas tokopedia mohon bantu nya terima kasih",4,3,1,2,"Positif"
"harta tahta prakerja terima kasih",3,3,0,3,"Positif"
"min otp tidak masuk sih cek insentif prakerja",2,1,1,0,"Netral"
"terima bantu bsu kemdikbud simak syarat bawah wn indonesia status bukan gawai neger sipil pns tidak terima subsidi upah kemenaker oktober tidak terima kartu prakerja tanggal okt",6,4,2,2,"Positif"
"pikir lebih efisien prakerja okeoce",2,2,0,2,"Positif"
"twitter distribusi fiturnya gelombang jar tidak kalah program kartu prakerja",2,0,2,-2,"Negatif"
"tunggu prakerja gelombang lama",1,0,1,-1,"Negatif"
"halaman prakerja putih blank",0,0,0,0,"Netral"
"ah ngentot banget salah kirim omong duit prakerja grup angkat muka muka terima bansos nih",5,3,2,1,"Positif"
"dashboard prakerja sih tidak buka intensif",1,0,1,-1,"Negatif"
"cek coba sudah belum prakerja tidak",2,0,2,-2,"Negatif"
"untung duit prakerja beli paket latih",1,1,0,1,"Positif"
"ambil latih prakerja materi barista tidak",1,0,1,-1,"Negatif"
"asa daftar prakerja",0,0,0,0,"Netral"
"kartu prakerja booming sudah belum",1,0,1,-1,"Negatif"
"bukan prakerja bsu buruh",0,0,0,0,"Netral"
"tumben prakerja cair nya cepat kalo suai jadwal sih mesti besok sudah cair hihihi",3,3,0,3,"Positif"
"telegram sih tidak pakai wkwkkw cuma prakerja doang",1,0,1,-1,"Negatif"
"prakerja hura hura",0,0,0,0,"Netral"
"syarat bantu subsidi kemendikbud warga negara indonesia wni status bukan pns tidak terima bsu kemenaker oktober tidak terima kartu prakerja oktober berpenghasilan bawah presiden pro rakyat",6,4,2,2,"Positif"
"halo min sisa saldo latih prakerja cair tarik tunai",2,2,0,2,"Positif"
"dongs lolos prakerja sisa saldo latih prakerja cair tarik tunai tidak sih",4,3,1,2,"Positif"
"loh duit prakerja wing wes ntek teh",0,0,0,0,"Netral"
"kian bantu pemrintah cuma doang prakerja umkm blt gagal deh naik haji bilang tidak adil takut kena tulah",7,2,5,-3,"Negatif"
"kaya masuk kantor bukan prakerja subsidi kerja bsu prakerja bsu beda program pemerintah",3,3,0,3,"Positif"
"gembira cuma prakerja via login daftar bansos rencana download aplikasi tribunnews update berita baru android lewat",2,2,0,2,"Positif"
"kalo tidak lolos sila coba gelombang bukan a tuh prakerja",3,1,2,-1,"Negatif"
"sekprov kaltara h suriansyah apresiasi hadir direktur eksekutif manajemen laksana program kartu prakerja atensi khusus pemerintah hadap dunia kerja pandemi",5,3,2,1,"Positif"
"kopi shop antri deh antri kartu prakerja",2,0,2,-2,"Negatif"
"prakerja",0,0,0,0,"Netral"
"sih najwa mah tjebonk lihat kalo sudah regim sudut cut maklum sandera urus kakak kartu prakerja",1,0,1,-1,"Negatif"
"survey prakerja sudah selesai bantu",0,0,0,0,"Netral"
"hai kak maaf kendala kak kakak sudah isi ulas akun tokopedia lebih sudah isi ulas mohon kirim screenshot ulas bantu ecek langkah sila kunjung link thanks",2,2,0,2,"Positif"
"h kak terima kasih hubung tim tokopedia care guntur kait belum terima sertifikat mohon info nomor invoice transaksi lampir bukti bayar hasil akun prakerja kakak milik tunggu info",4,3,1,2,"Positif"
"hai kak mohon maaf sudah bikin tidak nyaman kait kendala boleh info nomor invoice ivr riwayat transaksi kakak kakak lampir screenshot riwayat prakerja guntur bantu ecek terima kasih",6,4,2,2,"Positif"
"h kak cek nomor invoice kakak berik tidak lacak sistem mohon lampir bukti bayar hasil akun prakerja kakak milik tunggu info",1,0,1,-1,"Negatif"
"h kak mohon tunggu maksimal kali jam kerja sertifikat belum muncul sila hubung contact center prakerja email info go id call center jam operasional call center senin minggu pukul wib terima kasih",5,4,1,3,"Positif"
"hai kak maaf banget kendala kait kendala kakak boleh lampir screenshoot riwayat transaksi akun prakerjanya kakak masuk akun prakerja insentif riwayat transaksi julia cek lebih lanjut julia tunggu lampir thanks",3,3,0,3,"Positif"
"h kak adek zanani terima kasih hubung tim tokopedia care guntur kait belum terima sertifikat mohon info nomor invoice transaksi lampir bukti bayar hasil akun prakerja kakak milik tunggu info",4,3,1,2,"Positif"
"hai kakak aditya terima kasih respon positif tokopedia kakak alami kendala putar beli prakerja boleh informasi pesan bantu bantu kendala kakak moga kakak senang kak thanks",4,4,0,4,"Positif"
"hai kakak kait kendala kakak latih kakak proses verifikasi pmo prakerja proses verifikasi manual mohon sedia tunggu lebih suai estimasi info terima kasih",3,3,0,3,"Positif"
"indonesia tanah air ku lihat kondisi generasi mu ber kasur cerita ratap hidup neger palsu belum anggur pandemik covid",4,0,4,-4,"Negatif"
"harus lewat jalur kartu prakerja daftar training insentif yf blt ribu pikir sudah adil sih bltnya sudah kerja lewat bpjs ketenagakerjaan belum kerja lewat prakerja",6,4,2,2,"Positif"
"prakerja",0,0,0,0,"Netral"
"prakerja lama kak sye kitar",1,0,1,-1,"Negatif"
"login kartu prakerja gelombang resmi langkah mudah",1,1,0,1,"Positif"
"belum corona ancam hidup isi handphone whatshap instagrm riliv sidoni corona ancam whatshap instgram iflix telegram twiter viu sidoni michat tkopedia shopie prakerja jobstret infoloker ovo riliv stories halodok",3,0,3,-3,"Negatif"
"sih tambur daftar prakerja blt",0,0,0,0,"Netral"
"lulus prakerja sudah jalan kemendikbut baru honorer gadapet sudah daftar prakerja sumpah kesel banget",1,1,0,1,"Positif"
"tidak phk karyawan hotel tutup ota ambruk kartu prakerja tidak kalah protokol sehat",5,1,4,-3,"Negatif"
"duit kartu prakerja belagu xixixi",0,0,0,0,"Netral"
"terkahir hidup mas iwan ubah program prakerja pemerintah benar tidak hidup produktif udut ngopi",3,2,1,1,"Positif"
"baik kak mohon maaf bikin tidak nyaman perihal kendala kakak sertifikat belum muncul dashboard prakerja belum sudah bella sampa sudah selesa latih prakerja tidak",8,3,5,-2,"Negatif"
"bahagia mudah sisa prakerja masuk gaji masuk aaaah mantap",3,3,0,3,"Positif"
"antri kartu prakerja kak",1,0,1,-1,"Negatif"
"uang rakyat prakerja senggol pajak dikit ambek adri",0,0,0,0,"Netral"
"kartu prakerja intensif warna putih kosong lewat",1,0,1,-1,"Negatif"
"model arditho prakerja",0,0,0,0,"Netral"
"bangsat obrol tukang siang tuh duet prakerja e cair langsung nak on e anjing tuh",3,1,2,-1,"Negatif"
"min selalu gagal isi data tokopedia care transaksi sudah lebih transaksi september kena prakerja selalu tidak",3,1,2,-1,"Negatif"
"prakerja ruth",0,0,0,0,"Netral"
"ubah nder bukan bantu ta bantu prakerja",0,0,0,0,"Netral"
"ih sih biar lolos prakerja",2,1,1,0,"Netral"
"sudah prakerja bsu sekal belum bantu tidak data bsu program nya evaluasi",2,0,2,-2,"Negatif"
"sistem gacha hoki umur hidup pakai lolos prakerja",1,1,0,1,"Positif"
"insentif prakerja tahap cair lumayan beli popok",3,3,0,3,"Positif"
"benar lolos prakerja kualifikasi sih bingung tida lolos",4,3,1,2,"Positif"
"ijin belum sentuh bantu tunai program kartu prakerja bentur kerja minim usaha umkm kecil butuh modal",3,1,2,-1,"Negatif"
"deh prakerja bu arti tolol tidak",2,0,2,-2,"Negatif"
"sek daftar kartu prakerja terima tidak umsfess",2,1,1,0,"Netral"
"overload gopay urus prakerja",0,0,0,0,"Netral"
"thak ira koyo terima kartu prakerja",1,1,0,1,"Positif"
"admin hormat selesa latih lebih minggu status prakerja nyata aktif mohon cerah bukan hak lapor prakerja",4,4,0,4,"Positif"
"menteri insentif kartu prakerja belum cair kartu prakerja",3,2,1,1,"Positif"
"isi survei kartu prakerja insentif cair",2,2,0,2,"Positif"
"tuju prakerja bangun neger",1,1,0,1,"Positif"
"alhamdulillah duduk transfer prakerja sisa nih habis tidak tau harus gimanaaa tidak masuk sekal",6,3,3,0,"Netral"
"yoi kartu mahasakti prakerja",1,1,0,1,"Positif"
"prakerja tidak kak",1,0,1,-1,"Negatif"
"minggu rumah pengin belu pas lupa terima blt prakerja",3,2,1,1,"Positif"
"tidak prakerja apply apply cv sudah cari duit bro",1,0,1,-1,"Negatif"
"tidak terima prakerja kali",2,1,1,0,"Netral"
"dengar cerita rasullulah selalu makan orang yahudi buta disuapin makan sibuta caci maki rasulullah persis caci maki pemerintah gaji pemerintah rebut dana prakerja blt dana corona",4,0,4,-4,"Negatif"
"alhamdulillah uang prakerja sudah cair",2,2,0,2,"Positif"
"min prakerja sudah hasil transfer gopay nomor daftar gopay sudah mati hilang nya tidak login solusi tidak biar masuk akun gopay prakerja nya terima kasih min",6,3,3,0,"Netral"
"akun blacklist anjim banget",1,0,1,-1,"Negatif"
"titik sukses kartu prakerja",1,1,0,1,"Positif"
"cinta prakerja",1,1,0,1,"Positif"
"prakerja sasar",0,0,0,0,"Netral"
"bantu covid prakerja banpres umkm subsidi listrik subsidi bpjs kemenker bsu kemendikbud guru kip buka cpns sudah kali susul sarana prasarana bangun terimakasih",5,4,1,3,"Positif"
"min saran tidak lebih baik lewat ops sekolah via sms prakerja kalo harus cek web info gtk sistem down verval ijazah edit data tidak",5,3,2,1,"Positif"
"tanggal cair dana prakerja",1,1,0,1,"Positif"
"halo admin sertifikat belum muncul dashboard prakerja sudah hubung prakerja skill academy bilang harus hubung tokopedia sudah isi ulas rating tokopedia",1,0,1,-1,"Negatif"
"teman aktif kerja dana latih kartu prakerja gratis kuota kak kurang",3,2,1,1,"Positif"
"prakerja rbu",0,0,0,0,"Netral"
"selamat siang sudah selesa latih prakerja sudah terima sertifikat lembaga latih beli sudah ulas rating tokopedia lembaga latih belum terima insentif prakerja",5,4,1,3,"Positif"
"protes yuk tau entar diskon prakerja",1,0,1,-1,"Negatif"
"atur sederhana pemerataan orang manfaat bansos tidak tumpang tindih bantu kemenaker semi bansos prakerja",6,4,2,2,"Positif"
"tidak tumpang tindih bansos laku bansos bpjs bansos prakerja nadiem",4,3,1,2,"Positif"
"tidak terima bsu menteri ketenagakerjaan oktober tidak terima kartu prakerja oktober",4,2,2,0,"Netral"
"min kode voucher prakerja tidak",1,0,1,-1,"Negatif"
"belum kerja daftar kartu prakerja jimly",2,1,1,0,"Netral"
"masuk definisi hasil nya kak bantu blt bpjs prakerja masuk hasil",0,0,0,0,"Netral"
"cuma ngandelin prakerja doang",0,0,0,0,"Netral"
"tidak kerja tidak hasil daftar kartu prakerja alhamdulillah syukur tidak tambah utang negara",7,3,4,-1,"Negatif"
"lihat bagus kerja kartu prakerja bpjs cair baca",3,3,0,3,"Positif"
"boro boro daftar prakerja mah atuh gagal deui alumni gelombang",2,0,2,-2,"Negatif"
"ayah prakerja ku gagal",1,0,1,-1,"Negatif"
"kalo alih karier padan tidak yuk obrol bareng alih karir rama paw hengki direktur operasi prakerja malam live youtube klik join",2,0,2,-2,"Negatif"
"sudah lulus bunda tidak kuliah program kartu prakerja",2,1,1,0,"Netral"
"cuma asih tau lolos prakerja kali coba dana sudah transfer tidak pamer tidak jujur sudah coba kali sudah tidak gagal tuh muak lihat tidak bawa asa cuma wes loh",10,3,7,-4,"Negatif"
"daftar prakerja sudah tutup",0,0,0,0,"Netral"
"sudah coba daftar prakerja belum",1,0,1,-1,"Negatif"
"sorry bukan maksud julid cuma sayang uang prakerja bukan pakai butuh usaha urgent foya foya shopee",4,1,3,-2,"Negatif"
"sempro prakerja",0,0,0,0,"Netral"
"kemendikbud resmi luncur program blt upa subsidi upah nilai guru honorer syarat harus penuh sushimitra salah tidak terima bantu subsidi upah gaji menteri tenaga ketenagakerjaan kartu prakerja",7,4,3,1,"Positif"
"omong blt prakerja weh sedih tidak",2,0,2,-2,"Negatif"
"kesan modal nagih tidak rasional not smart move aroma janggal kartu prakerja beli projek gojek pakai uang bumn nenek",5,1,4,-3,"Negatif"
"setan nongkrong daftar prakerja ajar bidang kuliner",1,0,1,-1,"Negatif"
"aduh takut lho prof mpud uu prakerja malaikat setan masuk pemerintahan indonesia",3,1,2,-1,"Negatif"
"enak banget tang prakerja tulis e sudah transfer",2,2,0,2,"Positif"
"prakerja tidak sertifikat bantu",1,0,1,-1,"Negatif"
"min kait prakerja sudah selesai latih sudah berik nilai sertifikanya tidak muncul prakerja",1,0,1,-1,"Negatif"
"sertifikat belum muncul dashboard prakerja",1,0,1,-1,"Negatif"
"bang lowong buzzer tidak kartu prakerja dapetnya tidak bacot doang jalan ln kerjaanya",4,0,4,-4,"Negatif"
"gaya banget sosmed duit prakerja",0,0,0,0,"Netral"
"kemendikbud cair dana blt guru honorer juni syarat hasil bawah tidak terima bsu kemnaker tidak terima kartu prakerja oktober",5,3,2,1,"Positif"
"sisa saldo sayang saldo tidak pakai cuss deh beli latih skill academy video nya akses tanpa batas bonus data internet loh more info damping",4,2,2,0,"Netral"
"jangan tv baru sekal daftar prakerja langsung lolos",1,1,0,1,"Positif"
"haloo kak ingin upgrade gopay surat terang ktp tidak tolong daftar prakerja surat terang lolos ingin sambung gopay",4,3,1,2,"Positif"
"basi pabrik pesan kalo uangx sih eh sudah nikmat blt kartu prakerja belum bantu pemerintah lho",3,1,2,-1,"Negatif"
"kerja prakerja kerja",2,2,0,2,"Positif"
"sudah lolos bang kartu prakerja nya belum kalo belum tai anjing prakerja kali tidak lolos tolol sudah bang kalo tidak lolos prakerja main togel jangan sok asih tau orang burung hahahahaha",14,3,11,-8,"Negatif"
"cewek mah enak insentif akun prakerja habis bikin akun onlyfans",4,3,1,2,"Positif"
"kowe melu prakerja ora entot",1,0,1,-1,"Negatif"
"pakai rekening diprakerja pakai bni ambil kartu debit bank tolak alamat akun prakerja rekening putus status insentif prakerja hasil insentif hangus",3,2,1,1,"Positif"
"prakerja tidak kak",1,0,1,-1,"Negatif"
"prakerja kali bun",0,0,0,0,"Netral"
"lho prakerja",0,0,0,0,"Netral"
"prakerja gelombang",0,0,0,0,"Netral"
"pengin prakerja belum cukup umur huhuhu",3,1,2,-1,"Negatif"
"duit prakerja asa nemu duit turun langit",1,0,1,-1,"Negatif"
"pasang muka seram swmua pemerintah tidak benar coba pas prakerja umkm blt pasang muka melas rela antri urus syarat",6,2,4,-2,"Negatif"
"jelek kartu prakerja",1,0,1,-1,"Negatif"
"ganti nomor hp kartu prakerja",0,0,0,0,"Netral"
"alhamdulillah prakerja ku cair ditungguin",2,2,0,2,"Positif"
"tidak latih prakerja",1,0,1,-1,"Negatif"
"status dasboard prakerja aktif sudah selesai sertifikat latih",0,0,0,0,"Netral"
"benar ngejar skillnya tidak lolos daftar prakerja nangis",5,2,3,-1,"Negatif"
"terima kasih prakerja love you",3,3,0,3,"Positif"
"cuma gara seteru lonte masyarakat hilang fokus pulau komodo papua kerok korea uu prakerja masalah lebih serius cuma sok tau an bahas ngeramein gapenting",5,1,4,-3,"Negatif"
"daftar kartu prakerja",0,0,0,0,"Netral"
"yuk sisa saldo prakerja gratis kuota beli kelas latih min kak fecfarpk kode aktifasi benefit",1,1,0,1,"Positif"
"kartu sakti kartu tani kartu indonesia pintar kartu sembako kartu prakerja kartu sak karepmu",1,1,0,1,"Positif"
"selamat sore tokopedia ingin sertifikat belum muncul dashboard prakerja",2,1,1,0,"Netral"
"sudah lewat daftar kayass belum prakerja hehe",1,0,1,-1,"Negatif"
"selamat sore ibuk selalu gagal prakerja gelombang gelombang bsu kantor kerja tidak mohon hati masalah",6,3,3,0,"Netral"
"program pemerintah semacem training prakerja usia fresh graduate data sudah kerja tidak",3,2,1,1,"Positif"
"bagus banget nih sih gendut nomor xl nya ilangin insentif prakerja xsurvey",3,2,1,1,"Positif"
"prakerja kelas chef juna deh biar pintar masak",1,1,0,1,"Positif"
"daftar belum buka gelombang sih syarat ktp nomor",1,0,1,-1,"Negatif"
"prakerja tinggal tunggu ribu doang tidak saldo duh",1,0,1,-1,"Negatif"
"grup wa kadang sudah prakerja bpjs eh pas ndaftarin bantu bupati lolos",1,1,0,1,"Positif"
"bener banget sudah prakerja usaha biar bpjs pokok dicobain tau rejeki",1,1,0,1,"Positif"
"tidak tau kak sudah lolos prakerja nyata kerja bpjs kak",3,2,1,1,"Positif"
"prakerja gelombang buka bocor lewat",1,0,1,-1,"Negatif"
"prakerja gelombang buka bocor",1,0,1,-1,"Negatif"
"prakerja",0,0,0,0,"Netral"
"model kalo kasih subsidi prakerja ngelonte",2,1,1,0,"Netral"
"dear tidak prakerja subisidi gaji loh teman kantor ruwet ruwet colek presiden paporit ah",3,0,3,-3,"Negatif"
"bansos blt umkm banpres produktif blt subsidi gaji kartu prakerja blt ribu kakak non pkh program keluarga harap kartu sembako bst kemensos r bansos beras",4,4,0,4,"Positif"
"kerja tunggu blt cair nganggur tunggu prakerja cair mahasiswa tingkat banget tidak kerja tidak prakerja mampus mending mampusss",7,5,2,3,"Positif"
"tidak coba daftar prakerja gelombang tidak lolos kak yas sudah",4,1,3,-2,"Negatif"
"teman ku blt prakerja",0,0,0,0,"Netral"
"kalo jatuh tidak tidak kak sudah prakerja ketenagaakerjaan",3,0,3,-3,"Negatif"
"daftar prakerja gelombang tidak lolos lolos tidak tau gilir teman kasih info langsung lolos",6,3,3,0,"Netral"
"daftar prakerja gelombang tidak lolos",3,1,2,-1,"Negatif"
"mnyumbang tumbuh ekonomi gerak blt bpjs prakerja orang uang langsung belanja kurang butuh sokong berita positif vaksin covid tanpa putar ekonomi indonesia resesi",5,1,4,-3,"Negatif"
"latih prakerja kitu bah",0,0,0,0,"Netral"
"sisa saldo prakerja yuk beli latih skill academy gratis langgan ruangguru kuota up gb chat",1,1,0,1,"Positif"
"mohon bantu sudah verifikasi akun data suai",0,0,0,0,"Netral"
"sudah muncul dashboard prakerja belum",1,0,1,-1,"Negatif"
"dasar anggur cuma provokator adu domba mending daftar prakerja kerja halal",5,2,3,-1,"Negatif"
"kartu prakerja biak numfor bp mentri kucur honorer dirumakan tidak bp maaf belum bp",3,1,2,-1,"Negatif"
"tidak tonton berita sih sudah tau vidio lama hati hati hati hati hati hati provokasi lucu sih lihat vidio sudah lama baru share provokasi mantap deh cuma tawa baru upload baru beli kuota pakai saldo prakerja",19,13,6,7,"Positif"
"setan sudah putus asa mas daftar kartu prakerja seko gelombang ganti gelombang enggak lolos lolos samping kurir santet",7,2,5,-3,"Negatif"
"orang deh subsidi gaji prakerja",1,1,0,1,"Positif"
"min sertifikat dashboard prakerja belum muncul sudah isi ulas sertifikat skill academy tanggal mohon bantu nya",1,0,1,-1,"Negatif"
"tidak terima hutang kecuali milik akun prakerja",3,1,2,-1,"Negatif"
"belum gojek asih bantu voucher belanja alfamart mitra drivernya belum pemerintah asih bantu prakerja umkm bpjs pemerintah kesan telat mulu",2,0,2,-2,"Negatif"
"prakerja gih bahu",0,0,0,0,"Netral"
"blt guru honorer kemendikbud cair terima prakerja cek terima",3,3,0,3,"Positif"
"kalo contoh buruh skill rendah sih kurir ayan dealing kerja tipe harus tidak disamain lulus sih email rekening bank tidak program training prakerja harus sasar golong",6,3,3,0,"Netral"
"dhemit te opo urung ndue kartu prakerja bayarane kurang opo pie",1,0,1,-1,"Negatif"
"enak banget sih ku tidak daftar prakerja tidak lolos",5,2,3,-1,"Negatif"
"halo kenal a pallawarukka salah menang cerita kartu prakerja kali tokopedia care gift card belum kirim alamat email teman sudah sore tunggu konfirmasi terimakasih",4,2,2,0,"Netral"
"halo kak kenal a pallawarukka salah menang cerita kartu prakerja tokopedia care hadiah gift card belum kirim alamat email rekan menang sudah mohon bantu terimakasih",6,4,2,2,"Positif"
"hawong wis daftar kartu prakerja iseh arep bansos naker tiwas umek lapor durung transfer eee gussss gus",2,2,0,2,"Positif"
"prakerja anjir gel",0,0,0,0,"Netral"
"min sudah selesa latih nov sertifikat belum muncul dashboard prakerja mohon bantu",1,0,1,-1,"Negatif"
"terimakasih prakerja transfer banget",2,2,0,2,"Positif"
"jenis bansos blt umkm banpres produktif blt subsidi gaji kartu prakerja blt ribu kakak non pkh program keluarga harap kartu sembako bst kemensos r bansos beras",4,4,0,4,"Positif"
"drop info kartu prakerja here",0,0,0,0,"Netral"
"suruh daftar prakerja nder",0,0,0,0,"Netral"
"tolong gopay tidak lambat cair insentif prakerja untung tanggal belum cair",7,4,3,1,"Positif"
"gopay tolong tidak meperlambat insentef prakerja tanggal",1,0,1,-1,"Negatif"
"lewat belanja umkm program kartu prakerja tanggal november capai realisasi triliun jangkau",1,1,0,1,"Positif"
"percaya mbak bni daerah nganter teman urus prakerja bolak kali zonk diksh tau satpam kalo maksimal orang antri sudah shubuh",2,0,2,-2,"Negatif"
"harta tahta prakerja",1,1,0,1,"Positif"
"tau akun palsu banget bukan cuman twitter ig benar tidak celah nipu cair dana prakerja kena tipu akun bodong orang tipu benar orang butuh banget",9,3,6,-3,"Negatif"
"prakerja nya kakak",0,0,0,0,"Netral"
"banyuwangi sih tidak prakerja",1,0,1,-1,"Negatif"
"tidak ah some people tidak edukasi kembang lihat kartu prakerja dimakanin duit doang skillnya mah bodo says a lots about our people",2,0,2,-2,"Negatif"
"urus kartu prakerja sibuk banget kaya",1,1,0,1,"Positif"
"ngerjain tugas kelas prakerja",0,0,0,0,"Netral"
"makan blt prakerja bacot itil",2,0,2,-2,"Negatif"
"event lembaga film korea wadah jiwa usaha kreativitas dosa kesal dana prakerja negara belum kerja mohon bantu",4,1,3,-2,"Negatif"
"resah tinggal negara uu prakerja sudah sahkan uu larang minum alkohol entar uu larang batas benar aelah bund",4,1,3,-2,"Negatif"
"terima kasih sudah tidak ingin harap bsu tahap i teman kantor deh cair cuman tidak daftar prakerja gelombang deh terima kerja tidak lolos",10,6,4,2,"Positif"
"benar syukur kartu prakerja",2,2,0,2,"Positif"
"prakerja gelombang tidak yaiyalah joki",1,0,1,-1,"Negatif"
"lapor admin prakerja loh",0,0,0,0,"Netral"
"daftar kartu prakerja hasil",0,0,0,0,"Netral"
"aneh aneh survey prakerja ayo tambah insentif surveynya",5,3,2,1,"Positif"
"nek janji jiwa sek tidak wan lur prakerja e gorong cair wkwkw",3,2,1,1,"Positif"
"daftar kartu prakerja capai tujuh news jawa barat",1,1,0,1,"Positif"
"fuck orang bantu jasa daftarin prakerja duitin jatah anjing orang susah sikat mending neraka deh orang",3,0,3,-3,"Negatif"
"cerita cerita teman kerja sih a bilang untung dana program prakerja tahan bilang sih suami tidak masuk tambah belum suami dana darurat selamat",5,3,2,1,"Positif"
"syarat terima bantu status warga negara indonesia wni bukan pns tidak terima subsidi upah menteri tenaga ketenagakerjaan kartu prakerja oktober milik hasil bawah",4,3,1,2,"Positif"
"halo min nih prakerja status nya belum ubah dashboard nya latih sudah lama",2,0,2,-2,"Negatif"
"harap harap cemas pengin daftar cpns rekrut gawai bumn buka ndaftar kursus prakerja ngantre",2,1,1,0,"Netral"
"gugus uu cipta kerja upa kerja kartu prakerja hasil sdm butuh butuh negara dasar pancasila uud baik sdm luar neger negari dasar anggota mpr dpr r",3,3,0,3,"Positif"
"min daftar prakerja lolos tidak lanjut prakerja bantu langsung tunai ketenagakerjaan",2,1,1,0,"Netral"
"prakerja ribu latih mah malas malas",2,0,2,-2,"Negatif"
"duduk indonesia rentang usia kerja capai",1,1,0,1,"Positif"
"nih prakerja tidak lolos lolos",4,2,2,0,"Netral"
"daftar kartu prakerja tembus",0,0,0,0,"Netral"
"bni prakerja",0,0,0,0,"Netral"
"halo min kait sertifikat dashboard prakerja belum muncul skill academy sudah lapor tokped tanggal okt mohon bantu sudah kendala tidak beli latih",2,0,2,-2,"Negatif"
"prakerja sudah cair",1,1,0,1,"Positif"
"daftar kartu prakerja capai",0,0,0,0,"Netral"
"nuenak mah lulus kartu prakerja a",1,1,0,1,"Positif"
"alhamdulillah prakerja cair",2,2,0,2,"Positif"
"akun blokir menit belum baru insentif prakerja ganti baru tidak selalu maaf belum proses",5,2,3,-1,"Negatif"
"ganti nik ktp prakerja tida",0,0,0,0,"Netral"
"prakerja ku cair",1,1,0,1,"Positif"
"prakerja",0,0,0,0,"Netral"
"sudah daftar belum lolos prakerja pengaruh terima blt guru",4,3,1,2,"Positif"
"kartu prakerja bukan sih",0,0,0,0,"Netral"
"enak nganggur daftar kartu prakerja gih biar dana bantu nya kalo suruh kerja kerja benar bego",4,4,0,4,"Positif"
"snpp kak prakerja on the way rekening",0,0,0,0,"Netral"
"indonesia sudah lebih maju mahasiswa sudah jamin lapang kerja belum kerja kartu prakerja demo jamin sulit skck sulit kerja sudah nikah kasih kartu smbako murah nya ngara dunia adil makmur sejahtera baru era",17,11,6,5,"Positif"
"daftar kartu prakerja gelombang download aplikasi akses berita lebih mudah cepat android ios klik baca",4,3,1,2,"Positif"
"gembira kartu prakerja gelombang simak bocor informasi",2,1,1,0,"Netral"
"barito selatan terima bantu kartu prakerja kalimantan",1,1,0,1,"Positif"
"prakerja tidak give away tidak banget nasib",3,1,2,-1,"Negatif"
"tunggu sinyal komite cipta kerja bansos prakerja gelombang",2,2,0,2,"Positif"
"h terima kartu prakerja sudah lewat batas saldo ovo",1,1,0,1,"Positif"
"kle prakerja buka",0,0,0,0,"Netral"
"kalo pakai kartu prakerja teh uang",0,0,0,0,"Netral"
"prakerja cair woy",1,1,0,1,"Positif"
"tetangga nanyain halaman web prakerja ketikkin benar hpnya tab lanjut tuh kaget lihat historynya xnxx be like hehehe",1,1,0,1,"Positif"
"transfer prakerja maksud alhamdulillah lancar jaya tidak kendala program",5,3,2,1,"Positif"
"pantau pakai tagar kuota beli pakai duit kartu prakerja",0,0,0,0,"Netral"
"arti tidak lolos filtrasi situ program tidak prakerja bpum bantu",4,1,3,-2,"Negatif"
"mending prakerja pinjam online",0,0,0,0,"Netral"
"dqlab masuk prakerja tidak sih",1,0,1,-1,"Negatif"
"episode sudah seru tagih bikin penasaran prakerja sudah selesai",0,0,0,0,"Netral"
"sopipay mas ajar prakerja",0,0,0,0,"Netral"
"cuman mewah bangga cairin prakerja umkm yhaaaa dul nanggung mewah",6,4,2,2,"Positif"
"bukan prakerja",0,0,0,0,"Netral"
"tidak boleh pakai daftarin kakak ku akun prakerja",1,0,1,-1,"Negatif"
"belum bantu program belum bpjs ketenagakerjaan tidak masuk program kartu prakerja gaji bawah",3,0,3,-3,"Negatif"
"benar jual kartu prakerja",1,1,0,1,"Positif"
"ancen durung rejekinya lolos prakerja suog",2,2,0,2,"Positif"
"berat slot prakerja",1,0,1,-1,"Negatif"
"saing daftar prakerja aby",0,0,0,0,"Netral"
"mantap mas apply vendor prohram prakerja",1,1,0,1,"Positif"
"bukan prakerja bro jual rumah hahahah",0,0,0,0,"Netral"
"sudah duit prakerja bingung",1,0,1,-1,"Negatif"
"salur bantu sosial kartu prakerja stimulus usaha anggap andil dongkrak optimisme masyarakat indonesia menyongsong ekonomi lebih baik indonesia sehat ekonomi pulih",7,7,0,7,"Positif"
"semangat taa eh prakerja buka",1,1,0,1,"Positif"
"duit sudah habis kerja cpns tidak tau lama ngandelin prakerja duit prakerja sudah habis modal bayar arisan listrik inet belum bayar",8,3,5,-2,"Negatif"
"sekal bahas utang negara coba koh korupsi jiwasraya prakerja tuh",2,0,2,-2,"Negatif"
"begal tidak daftar prakerja tidak training online stir",3,0,3,-3,"Negatif"
"lelah selalu tolak kartu prakerja banting stir ngumpulin satosi negara orang nya makan usaha tampa kartu prakerja",1,0,1,-1,"Negatif"
"prakerja pas akun tes sisa latih tau tidak tunggu benar cuma tl deh rame bilang turun",3,1,2,-1,"Negatif"
"blt prakerja sistem prakerja cair lama kali kalo blt gaji sekal cair langsung turun sistem tf kali hyunk",5,3,2,1,"Positif"
"gadapet prakerja tes semangat nunggunya",1,1,0,1,"Positif"
"sudah tidak kerja daftar prakerja lolos uang pakai usaha kecil kecil rumah sepi jual",5,2,3,-1,"Negatif"
"terima prakerja bo",1,1,0,1,"Positif"
"order sepi banget daftar kartu prakerja tidak",1,0,1,-1,"Negatif"
"hai kak mohon info sertifikat prakerja ditebitkan lembaga sudah kirim data tokopedia tanggal mohon cepat banget mah kakkkkkkk",1,1,0,1,"Positif"
"bantu pemerintah salur blt umkm bpjs dana desa prakerja",0,0,0,0,"Netral"
"sarjana doang tidak bantuin daftarin blt umkm anak tidak servis hp error anak tidak bantuin daftar prakerja anak doang tidak malsuin ijazah also me",4,0,4,-4,"Negatif"
"kak status hasil sertifikat belum muncul dashboard prakerja tokopedia belum lapor prakerjanya",2,0,2,-2,"Negatif"
"beli latih prakerja ditokopedia nomor invoice ivr xx x tanggal november nilai tidak judul latih website tempo institute mohon tindak lanjut",1,0,1,-1,"Negatif"
"kartu prakerja eh",0,0,0,0,"Netral"
"kasihan setan jobless bingung kirim cv nya tidak kerja kesi entar ngisi kartu prakerja tidak tega",7,1,6,-5,"Negatif"
"bukan banding kartu prakerja",0,0,0,0,"Netral"
"hei tipu gelap dana tanggal suruh tunggu kali sudah lewat minggu gelap uang layan e money tipu bukti kuat kait case dana prakerja hilang",7,2,5,-3,"Negatif"
"prakerja blt bsu zonk responnya menteri hormat deh email cek aplikasi tidak respon tanggap tidak akal an orang kementrian tenaga kerja",5,2,3,-1,"Negatif"
"sing entuk bantu prakerja fix sok nek akherat melu nanggung utang negoro",2,0,2,-2,"Negatif"
"pakai dana prakerja sudah beli hektar nih mantap tuan tanah",1,1,0,1,"Positif"
"yuk belum latih prakerja gelombang join grup info kena latih skill academy benefit nya loh",1,0,1,-1,"Negatif"
"blt a usaha mikro pemegang kartu bpjs prakerja petan",0,0,0,0,"Netral"
